#\Rows = 155
#\Cols = 13
#\Coordinate system = equ
#\Equinox = J2000
#\Coordinate format = degree
#\objname is name or coordinates
#\ra is right ascension in degrees J2000
#\dec is declination in degrees J2000
#\zody is zodiacal light, unit = MJy/sr; it is median in viewing zone if ido_view = 1
#\ism is interstellar light, unit = MJy/sr
#\stars is stellar light, unit = MJy/sr
#\cib is cosmic infrared background, unit = MJy/sr
#\totbg is total background, unit = MJy/sr
#\wavelength in microns
#\year
#\day is day of year, or -999 if ido_view = 1
#\selon is solar elongation in deg, or -999 if ido_view = 1
#\obsloc is observing location, 0=L2, 3=Earth orbit
#\obsver is code version
#\ido_view if 1 then use median zodiacal in view range
#|objname                                                         |ra             |dec            |zody            |ism             |stars           |cib             |totbg           |wavelength  |year    |day     |selon   |obsloc  |obsver  |ido_view|errmsg                                                                                                                          |
#|char                                                            |double         |double         |double          |double          |double          |double          |double          |float       |char    |char    |int     |char    |char    |char    |char                                                                                                                            |
#|                                                                |deg            |deg            |MJy/sr          |MJy/sr          |MJy/sr          |MJy/sr          |MJy/sr          |microns     |        |        |deg     |        |        |        |                                                                                                                                |
                                                                  39.316320       -84.860000      0.149769         0.006324         0.477601         0.005470         0.639164         1.4          2027     270      93       0        4        0                                                                                                                                        
                                                                  80.683680       -84.860000      0.150814         0.009065         0.550012         0.005470         0.715362         1.4          2027     270      90       0        4        0                                                                                                                                        
                                                                  36.532830       -81.540000      0.146954         0.005164         0.403864         0.005470         0.561452         1.4          2027     270      96       0        4        0                                                                                                                                        
                                                                  60.000000       -81.540000      0.146756         0.004112         0.442131         0.005470         0.598469         1.4          2027     270      93       0        4        0                                                                                                                                        
                                                                  83.467170       -81.540000      0.148251         0.008612         0.517241         0.005470         0.679574         1.4          2027     270      90       0        4        0                                                                                                                                        
                                                                  35.115910       -78.220000      0.144739         0.003659         0.347705         0.005470         0.501573         1.4          2027     270      99       0        4        0                                                                                                                                        
                                                                  51.705300       -78.220000      0.144110         0.009434         0.372481         0.005470         0.531495         1.4          2027     270      97       0        4        0                                                                                                                                        
                                                                  68.294700       -78.220000      0.144633         0.004601         0.418598         0.005470         0.573302         1.4          2027     270      94       0        4        0                                                                                                                                        
                                                                  84.884090       -78.220000      0.146365         0.010583         0.491254         0.005470         0.653672         1.4          2027     270      91       0        4        0                                                                                                                                        
                                                                  34.202690       -74.900000      0.143099         0.002321         0.303825         0.005470         0.454715         1.4          2027     270      102      0        4        0                                                                                                                                        
                                                                  47.101350       -74.900000      0.142192         0.004112         0.321533         0.005470         0.473307         1.4          2027     270      100      0        4        0                                                                                                                                        
                                                                  60.000000       -74.900000      0.142131         0.008001         0.352672         0.005470         0.508274         1.4          2027     270      97       0        4        0                                                                                                                                        
                                                                  72.898650       -74.900000      0.143010         0.006662         0.400446         0.005470         0.555588         1.4          2027     270      94       0        4        0                                                                                                                                        
                                                                  85.797310       -74.900000      0.140986         0.006196         0.470376         0.005470         0.623029         1.4          2027     270      91       0        4        0                                                                                                                                        
                                                                  33.521010       -71.580000      0.142021         0.001778         0.268915         0.005470         0.418185         1.4          2027     270      105      0        4        0                                                                                                                                        
                                                                  44.112600       -71.580000      0.140897         0.001983         0.282246         0.005470         0.430596         1.4          2027     270      103      0        4        0                                                                                                                                        
                                                                  54.704200       -71.580000      0.140425         0.002175         0.304886         0.005470         0.452955         1.4          2027     270      100      0        4        0                                                                                                                                        
                                                                  65.295800       -71.580000      0.140699         0.007442         0.338284         0.005470         0.491895         1.4          2027     270      97       0        4        0                                                                                                                                        
                                                                  75.887400       -71.580000      0.138080         0.008273         0.386260         0.005470         0.538082         1.4          2027     270      94       0        4        0                                                                                                                                        
                                                                  86.478990       -71.580000      0.139822         0.009922         0.454292         0.005470         0.609505         1.4          2027     270      91       0        4        0                                                                                                                                        
                                                                  32.955670       -68.260000      0.141496         0.002109         0.241076         0.005470         0.390151         1.4          2027     270      108      0        4        0                                                                                                                                        
                                                                  41.970450       -68.260000      0.140183         0.002658         0.251473         0.005470         0.399784         1.4          2027     270      106      0        4        0                                                                                                                                        
                                                                  50.985220       -68.260000      0.139391         0.002517         0.268331         0.005470         0.415709         1.4          2027     270      103      0        4        0                                                                                                                                        
                                                                  60.000000       -68.260000      0.139202         0.006412         0.293095         0.005470         0.444179         1.4          2027     270      101      0        4        0                                                                                                                                        
                                                                  69.014780       -68.260000      0.139698         0.003600         0.327965         0.005470         0.476733         1.4          2027     270      98       0        4        0                                                                                                                                        
                                                                  78.029550       -68.260000      0.137216         0.028667         0.375815         0.005470         0.547167         1.4          2027     270      94       0        4        0                                                                                                                                        
                                                                  87.044330       -68.260000      0.139026         0.018989         0.442189         0.005470         0.605675         1.4          2027     270      91       0        4        0                                                                                                                                        
                                                                  32.448980       -64.940000      0.141519         0.001696         0.218698         0.005470         0.367382         1.4          2027     270      111      0        4        0                                                                                                                                        
                                                                  40.320700       -64.940000      0.140029         0.001554         0.227024         0.005470         0.374077         1.4          2027     270      109      0        4        0                                                                                                                                        
                                                                  48.192420       -64.940000      0.138968         0.002757         0.240245         0.005470         0.387440         1.4          2027     270      106      0        4        0                                                                                                                                        
                                                                  56.064140       -64.940000      0.138407         0.004378         0.258957         0.005470         0.407212         1.4          2027     270      104      0        4        0                                                                                                                                        
                                                                  63.935860       -64.940000      0.138420         0.002591         0.285022         0.005470         0.431503         1.4          2027     270      101      0        4        0                                                                                                                                        
                                                                  71.807580       -64.940000      0.139078         0.002099         0.320592         0.005470         0.467240         1.4          2027     270      98       0        4        0                                                                                                                                        
                                                                  79.679300       -64.940000      0.136719         0.003806         0.368800         0.005470         0.514795         1.4          2027     270      95       0        4        0                                                                                                                                        
                                                                  87.551020       -64.940000      0.138595         0.002758         0.433816         0.005470         0.580639         1.4          2027     270      91       0        4        0                                                                                                                                        
                                                                  31.968360       -61.620000      0.142084         0.002062         0.200234         0.005470         0.349850         1.4          2027     270      113      0        4        0                                                                                                                                        
                                                                  38.976270       -61.620000      0.140425         0.001384         0.207042         0.005470         0.354321         1.4          2027     270      112      0        4        0                                                                                                                                        
                                                                  45.984180       -61.620000      0.139125         0.001722         0.217312         0.005470         0.363629         1.4          2027     270      109      0        4        0                                                                                                                                        
                                                                  52.992090       -61.620000      0.138248         0.002872         0.232519         0.005470         0.379110         1.4          2027     270      107      0        4        0                                                                                                                                        
                                                                  60.000000       -61.620000      0.137860         0.002109         0.252525         0.005470         0.397965         1.4          2027     270      104      0        4        0                                                                                                                                        
                                                                  67.007910       -61.620000      0.138028         0.000941         0.279974         0.005470         0.424414         1.4          2027     270      101      0        4        0                                                                                                                                        
                                                                  74.015820       -61.620000      0.138818         0.001352         0.316212         0.005470         0.461852         1.4          2027     270      98       0        4        0                                                                                                                                        
                                                                  81.023730       -61.620000      0.136587         0.002361         0.364299         0.005470         0.508718         1.4          2027     270      95       0        4        0                                                                                                                                        
                                                                  88.031640       -61.620000      0.138531         0.002768         0.429445         0.005470         0.576214         1.4          2027     270      91       0        4        0                                                                                                                                        
                                                                  31.493700       -58.300000      0.146556         0.001293         0.184839         0.005470         0.338158         1.4          2027     270      116      0        4        0                                                                                                                                        
                                                                  37.828430       -58.300000      0.141364         0.001768         0.190502         0.005470         0.339103         1.4          2027     270      114      0        4        0                                                                                                                                        
                                                                  44.163160       -58.300000      0.139845         0.001078         0.199292         0.005470         0.345685         1.4          2027     270      112      0        4        0                                                                                                                                        
                                                                  50.497900       -58.300000      0.138689         0.001599         0.211332         0.005470         0.357091         1.4          2027     270      110      0        4        0                                                                                                                                        
                                                                  56.832630       -58.300000      0.137956         0.001918         0.227367         0.005470         0.372711         1.4          2027     270      107      0        4        0                                                                                                                                        
                                                                  63.167370       -58.300000      0.137708         0.001159         0.248838         0.005470         0.393175         1.4          2027     270      104      0        4        0                                                                                                                                        
                                                                  69.502100       -58.300000      0.138007         0.000521         0.277238         0.005470         0.421236         1.4          2027     270      101      0        4        0                                                                                                                                        
                                                                  75.836840       -58.300000      0.138912         0.001519         0.314299         0.005470         0.460200         1.4          2027     270      98       0        4        0                                                                                                                                        
                                                                  82.171570       -58.300000      0.136823         0.002047         0.363063         0.005470         0.507404         1.4          2027     270      95       0        4        0                                                                                                                                        
                                                                  88.506300       -58.300000      0.138842         0.003868         0.428327         0.005470         0.576508         1.4          2027     270      91       0        4        0                                                                                                                                        
                                                                  31.011470       -54.980000      0.148001         0.001404         0.172279         0.005470         0.327154         1.4          2027     270      119      0        4        0                                                                                                                                        
                                                                  36.809180       -54.980000      0.146170         0.001467         0.177055         0.005470         0.330163         1.4          2027     270      117      0        4        0                                                                                                                                        
                                                                  42.606880       -54.980000      0.141117         0.001398         0.184444         0.005470         0.332430         1.4          2027     270      115      0        4        0                                                                                                                                        
                                                                  48.404590       -54.980000      0.139709         0.000785         0.194052         0.005470         0.340016         1.4          2027     270      113      0        4        0                                                                                                                                        
                                                                  54.202290       -54.980000      0.138670         0.000860         0.207604         0.005470         0.352604         1.4          2027     270      110      0        4        0                                                                                                                                        
                                                                  60.000000       -54.980000      0.138059         0.000858         0.224709         0.005470         0.369096         1.4          2027     270      107      0        4        0                                                                                                                                        
                                                                  65.797710       -54.980000      0.137934         0.000384         0.247618         0.005470         0.391406         1.4          2027     270      104      0        4        0                                                                                                                                        
                                                                  71.595410       -54.980000      0.138352         0.000619         0.276690         0.005470         0.421132         1.4          2027     270      101      0        4        0                                                                                                                                        
                                                                  77.393120       -54.980000      0.139368         0.001343         0.314852         0.005470         0.461032         1.4          2027     270      98       0        4        0                                                                                                                                        
                                                                  83.190820       -54.980000      0.141014         0.002578         0.364797         0.005470         0.513859         1.4          2027     270      95       0        4        0                                                                                                                                        
                                                                  88.988530       -54.980000      0.139544         0.004820         0.431385         0.005470         0.581220         1.4          2027     270      91       0        4        0                                                                                                                                        
                                                                  30.511950       -51.660000      0.149986         0.000906         0.162085         0.005470         0.318447         1.4          2027     270      122      0        4        0                                                                                                                                        
                                                                  35.873410       -51.660000      0.147979         0.001801         0.165772         0.005470         0.321022         1.4          2027     270      120      0        4        0                                                                                                                                        
                                                                  41.234880       -51.660000      0.146209         0.001531         0.172085         0.005470         0.325294         1.4          2027     270      118      0        4        0                                                                                                                                        
                                                                  46.596340       -51.660000      0.144725         0.001124         0.180153         0.005470         0.331472         1.4          2027     270      116      0        4        0                                                                                                                                        
                                                                  51.957800       -51.660000      0.139979         0.000771         0.191573         0.005470         0.337794         1.4          2027     270      113      0        4        0                                                                                                                                        
                                                                  57.319270       -51.660000      0.139044         0.000696         0.205766         0.005470         0.350976         1.4          2027     270      110      0        4        0                                                                                                                                        
                                                                  62.680730       -51.660000      0.138545         0.000976         0.224325         0.005470         0.369316         1.4          2027     270      107      0        4        0                                                                                                                                        
                                                                  68.042200       -51.660000      0.138537         0.000601         0.247991         0.005470         0.392599         1.4          2027     270      104      0        4        0                                                                                                                                        
                                                                  73.403660       -51.660000      0.139074         0.000577         0.278726         0.005470         0.423847         1.4          2027     270      101      0        4        0                                                                                                                                        
                                                                  78.765120       -51.660000      0.140202         0.000989         0.318366         0.005470         0.465027         1.4          2027     270      98       0        4        0                                                                                                                                        
                                                                  84.126590       -51.660000      0.141953         0.002125         0.370092         0.005470         0.519640         1.4          2027     270      95       0        4        0                                                                                                                                        
                                                                  89.488050       -51.660000      0.144320         0.003238         0.438923         0.005470         0.591951         1.4          2027     270      91       0        4        0                                                                                                                                        
                                                                  32.488610       -48.340000      0.151396         0.001064         0.154893         0.005470         0.312823         1.4          2027     270      124      0        4        0                                                                                                                                        
                                                                  37.490680       -48.340000      0.149314         0.000897         0.159167         0.005470         0.314848         1.4          2027     270      122      0        4        0                                                                                                                                        
                                                                  42.492750       -48.340000      0.147461         0.001901         0.165112         0.005470         0.319944         1.4          2027     270      120      0        4        0                                                                                                                                        
                                                                  47.494820       -48.340000      0.145885         0.001171         0.173405         0.005470         0.325931         1.4          2027     270      117      0        4        0                                                                                                                                        
                                                                  52.496890       -48.340000      0.144636         0.000539         0.184048         0.005470         0.334693         1.4          2027     270      115      0        4        0                                                                                                                                        
                                                                  57.498960       -48.340000      0.140171         0.000431         0.197581         0.005470         0.343653         1.4          2027     270      112      0        4        0                                                                                                                                        
                                                                  62.501040       -48.340000      0.139552         0.000781         0.215130         0.005470         0.360933         1.4          2027     270      109      0        4        0                                                                                                                                        
                                                                  67.503110       -48.340000      0.139407         0.000750         0.237315         0.005470         0.382942         1.4          2027     270      106      0        4        0                                                                                                                                        
                                                                  72.505180       -48.340000      0.139787         0.000947         0.265927         0.005470         0.412131         1.4          2027     270      103      0        4        0                                                                                                                                        
                                                                  77.507250       -48.340000      0.140739         0.000628         0.302153         0.005470         0.448990         1.4          2027     270      99       0        4        0                                                                                                                                        
                                                                  82.509320       -48.340000      0.142298         0.001884         0.349564         0.005470         0.499216         1.4          2027     270      96       0        4        0                                                                                                                                        
                                                                  87.511390       -48.340000      0.144473         0.004296         0.412202         0.005470         0.566441         1.4          2027     270      93       0        4        0                                                                                                                                        
                                                                  36.486220       -45.020000      0.154640         0.000997         0.151185         0.005470         0.312292         1.4          2027     270      125      0        4        0                                                                                                                                        
                                                                  41.188980       -45.020000      0.150052         0.001218         0.156336         0.005470         0.313076         1.4          2027     270      123      0        4        0                                                                                                                                        
                                                                  45.891730       -45.020000      0.148238         0.001024         0.163546         0.005470         0.318278         1.4          2027     270      120      0        4        0                                                                                                                                        
                                                                  50.594490       -45.020000      0.146717         0.001017         0.172742         0.005470         0.325946         1.4          2027     270      117      0        4        0                                                                                                                                        
                                                                  55.297240       -45.020000      0.145540         0.000593         0.184351         0.005470         0.335954         1.4          2027     270      115      0        4        0                                                                                                                                        
                                                                  60.000000       -45.020000      0.141275         0.000313         0.198956         0.005470         0.346014         1.4          2027     270      112      0        4        0                                                                                                                                        
                                                                  64.702760       -45.020000      0.140767         0.000850         0.217735         0.005470         0.364822         1.4          2027     270      109      0        4        0                                                                                                                                        
                                                                  69.405510       -45.020000      0.140744         0.000583         0.241379         0.005470         0.388177         1.4          2027     270      106      0        4        0                                                                                                                                        
                                                                  74.108270       -45.020000      0.141256         0.000836         0.271775         0.005470         0.419337         1.4          2027     270      102      0        4        0                                                                                                                                        
                                                                  78.811020       -45.020000      0.142346         0.001592         0.310252         0.005470         0.459661         1.4          2027     270      99       0        4        0                                                                                                                                        
                                                                  83.513780       -45.020000      0.144042         0.002084         0.360587         0.005470         0.512183         1.4          2027     270      96       0        4        0                                                                                                                                        
                                                                  39.968550       -41.700000      0.159042         0.001071         0.149000         0.005470         0.314583         1.4          2027     270      126      0        4        0                                                                                                                                        
                                                                  44.419980       -41.700000      0.151163         0.000651         0.155354         0.005470         0.312639         1.4          2027     270      123      0        4        0                                                                                                                                        
                                                                  48.871420       -41.700000      0.149391         0.000744         0.163417         0.005470         0.319022         1.4          2027     270      120      0        4        0                                                                                                                                        
                                                                  53.322850       -41.700000      0.147932         0.000632         0.173538         0.005470         0.327572         1.4          2027     270      118      0        4        0                                                                                                                                        
                                                                  57.774280       -41.700000      0.146833         0.000649         0.186187         0.005470         0.339139         1.4          2027     270      115      0        4        0                                                                                                                                        
                                                                  62.225720       -41.700000      0.146145         0.000648         0.202385         0.005470         0.354648         1.4          2027     270      112      0        4        0                                                                                                                                        
                                                                  66.677150       -41.700000      0.142406         0.001425         0.222600         0.005470         0.371901         1.4          2027     270      108      0        4        0                                                                                                                                        
                                                                  71.128580       -41.700000      0.142518         0.000863         0.248009         0.005470         0.396860         1.4          2027     270      105      0        4        0                                                                                                                                        
                                                                  75.580020       -41.700000      0.143176         0.001064         0.280242         0.005470         0.429952         1.4          2027     270      102      0        4        0                                                                                                                                        
                                                                  80.031450       -41.700000      0.144421         0.001218         0.321984         0.005470         0.473093         1.4          2027     270      99       0        4        0                                                                                                                                        
                                                                  43.043240       -38.380000      0.160267         0.001229         0.148545         0.005470         0.315511         1.4          2027     270      126      0        4        0                                                                                                                                        
                                                                  47.282430       -38.380000      0.158499         0.001203         0.155708         0.005470         0.320880         1.4          2027     270      123      0        4        0                                                                                                                                        
                                                                  51.521620       -38.380000      0.150935         0.001081         0.164659         0.005470         0.322146         1.4          2027     270      120      0        4        0                                                                                                                                        
                                                                  55.760810       -38.380000      0.149548         0.000549         0.175787         0.005470         0.331354         1.4          2027     270      117      0        4        0                                                                                                                                        
                                                                  60.000000       -38.380000      0.148540         0.000289         0.189998         0.005470         0.344298         1.4          2027     270      114      0        4        0                                                                                                                                        
                                                                  64.239190       -38.380000      0.147962         0.001518         0.207212         0.005470         0.362162         1.4          2027     270      111      0        4        0                                                                                                                                        
                                                                  68.478380       -38.380000      0.147862         0.001188         0.229152         0.005470         0.383672         1.4          2027     270      108      0        4        0                                                                                                                                        
                                                                  72.717570       -38.380000      0.144767         0.001036         0.256730         0.005470         0.408002         1.4          2027     270      105      0        4        0                                                                                                                                        
                                                                  76.956760       -38.380000      0.145592         0.001505         0.292142         0.005470         0.444709         1.4          2027     270      102      0        4        0                                                                                                                                        
                                                                  45.792350       -35.060000      0.161854         0.001264         0.149349         0.005470         0.317937         1.4          2027     270      126      0        4        0                                                                                                                                        
                                                                  49.851680       -35.060000      0.160105         0.001016         0.157370         0.005470         0.323961         1.4          2027     270      123      0        4        0                                                                                                                                        
                                                                  53.911010       -35.060000      0.158677         0.000870         0.167298         0.005470         0.332315         1.4          2027     270      120      0        4        0                                                                                                                                        
                                                                  57.970340       -35.060000      0.154023         0.000646         0.179958         0.005470         0.340097         1.4          2027     270      117      0        4        0                                                                                                                                        
                                                                  62.029660       -35.060000      0.150698         0.000559         0.195150         0.005470         0.351877         1.4          2027     270      114      0        4        0                                                                                                                                        
                                                                  66.088990       -35.060000      0.150248         0.001754         0.214433         0.005470         0.371905         1.4          2027     270      111      0        4        0                                                                                                                                        
                                                                  70.148320       -35.060000      0.150297         0.002147         0.238478         0.005470         0.396393         1.4          2027     270      108      0        4        0                                                                                                                                        
                                                                  74.207650       -35.060000      0.150891         0.001601         0.268752         0.005470         0.426715         1.4          2027     270      105      0        4        0                                                                                                                                        
                                                                  48.279790       -31.740000      0.163841         0.000892         0.151806         0.005470         0.322008         1.4          2027     270      126      0        4        0                                                                                                                                        
                                                                  52.186530       -31.740000      0.162127         0.000969         0.160779         0.005470         0.329345         1.4          2027     270      123      0        4        0                                                                                                                                        
                                                                  56.093260       -31.740000      0.160759         0.000413         0.171824         0.005470         0.338466         1.4          2027     270      120      0        4        0                                                                                                                                        
                                                                  60.000000       -31.740000      0.159782         0.000462         0.185822         0.005470         0.351536         1.4          2027     270      117      0        4        0                                                                                                                                        
                                                                  63.906740       -31.740000      0.155674         0.001902         0.202653         0.005470         0.365699         1.4          2027     270      114      0        4        0                                                                                                                                        
                                                                  67.813470       -31.740000      0.155434         0.001315         0.223983         0.005470         0.386203         1.4          2027     270      110      0        4        0                                                                                                                                        
                                                                  71.720210       -31.740000      0.153281         0.001176         0.250637         0.005470         0.410565         1.4          2027     270      107      0        4        0                                                                                                                                        
                                                                  50.556350       -28.420000      0.169642         0.000875         0.155599         0.005470         0.331585         1.4          2027     270      126      0        4        0                                                                                                                                        
                                                                  54.333810       -28.420000      0.164615         0.000702         0.165668         0.005470         0.336455         1.4          2027     270      123      0        4        0                                                                                                                                        
                                                                  58.111270       -28.420000      0.163332         0.000519         0.178027         0.005470         0.347347         1.4          2027     270      119      0        4        0                                                                                                                                        
                                                                  61.888730       -28.420000      0.162465         0.001641         0.193631         0.005470         0.363206         1.4          2027     270      116      0        4        0                                                                                                                                        
                                                                  65.666190       -28.420000      0.162061         0.002034         0.212461         0.005470         0.382026         1.4          2027     270      113      0        4        0                                                                                                                                        
                                                                  69.443650       -28.420000      0.158647         0.001804         0.236324         0.005470         0.402245         1.4          2027     270      110      0        4        0                                                                                                                                        
                                                                  52.663160       -25.100000      0.172343         0.000865         0.160872         0.005470         0.339550         1.4          2027     270      125      0        4        0                                                                                                                                        
                                                                  56.331580       -25.100000      0.170949         0.000633         0.172238         0.005470         0.349290         1.4          2027     270      122      0        4        0                                                                                                                                        
                                                                  60.000000       -25.100000      0.166463         0.001479         0.186567         0.005470         0.359979         1.4          2027     270      119      0        4        0                                                                                                                                        
                                                                  63.668420       -25.100000      0.165738         0.002260         0.203745         0.005470         0.377213         1.4          2027     270      116      0        4        0                                                                                                                                        
                                                                  67.336840       -25.100000      0.165505         0.002427         0.225440         0.005470         0.398843         1.4          2027     270      112      0        4        0                                                                                                                                        
                                                                  54.634210       -21.780000      0.175616         0.001661         0.168240         0.005470         0.350986         1.4          2027     270      125      0        4        0                                                                                                                                        
                                                                  58.211400       -21.780000      0.174323         0.003092         0.181172         0.005470         0.364057         1.4          2027     270      121      0        4        0                                                                                                                                        
                                                                  61.788600       -21.780000      0.173472         0.002651         0.197053         0.005470         0.378645         1.4          2027     270      118      0        4        0                                                                                                                                        
                                                                  65.365790       -21.780000      0.173110         0.001314         0.217058         0.005470         0.396953         1.4          2027     270      115      0        4        0                                                                                                                                        
                                                                  56.498110       -18.460000      0.182714         0.006533         0.177240         0.005470         0.371957         1.4          2027     270      124      0        4        0                                                                                                                                        
                                                                  60.000000       -18.460000      0.181762         0.001771         0.192494         0.005470         0.381498         1.4          2027     270      121      0        4        0                                                                                                                                        
                                                                  63.501890       -18.460000      0.177718         0.001855         0.210796         0.005470         0.395839         1.4          2027     270      117      0        4        0                                                                                                                                        
                                                                  56.558970       -15.140000      0.193571         0.002490         0.181705         0.005470         0.383236         1.4          2027     270      125      0        4        0                                                                                                                                        
                                                                  60.000000       -15.140000      0.189405         0.002460         0.197293         0.005470         0.394629         1.4          2027     270      121      0        4        0                                                                                                                                        
                                                                  63.441030       -15.140000      0.186134         0.002936         0.216887         0.005470         0.411427         1.4          2027     270      118      0        4        0                                                                                                                                        