# \Rows = 155
# \Cols = 13
# \Coordinate system = equ
# \Equinox = J2000
# \Coordinate format = degree
# \objname is name or coordinates
# \ra is right ascension in degrees J2000
# \dec is declination in degrees J2000
# \zody is zodiacal light, unit = MJy/sr; it is median in viewing zone if ido_view = 1
# \ism is interstellar light, unit = MJy/sr
# \stars is stellar light, unit = MJy/sr
# \cib is cosmic infrared background, unit = MJy/sr
# \totbg is total background, unit = MJy/sr
# \wavelength in microns
# \year
# \day is day of year, or -999 if ido_view = 1
# \selon is solar elongation in deg, or -999 if ido_view = 1
# \obsloc is observing location, 0=L2, 3=Earth orbit
# \obsver is code version
# \ido_view if 1 then use median zodiacal in view range
# |objname                                                         |ra             |dec            |zody            |ism             |stars           |cib             |totbg           |wavelength  |year    |day     |selon   |obsloc  |obsver  |ido_view|errmsg                                                                                                                          |
# |char                                                            |double         |double         |double          |double          |double          |double          |double          |float       |char    |char    |int     |char    |char    |char    |char                                                                                                                            |
# |                                                                |deg            |deg            |MJy/sr          |MJy/sr          |MJy/sr          |MJy/sr          |MJy/sr          |microns     |        |        |deg     |        |        |        |                                                                                                                                |
                                                                  39.316320       -84.860000      0.143115         0.006324         0.477601         0.005470         0.632509         1.4          2027     40       74       0        4        0                                                                                                                                        
                                                                  80.683680       -84.860000      0.135022         0.009065         0.550012         0.005470         0.699570         1.4          2027     40       78       0        4        0                                                                                                                                        
                                                                  36.532830       -81.540000      0.144335         0.005164         0.403864         0.005470         0.558833         1.4          2027     40       73       0        4        0                                                                                                                                        
                                                                  60.000000       -81.540000      0.136401         0.004112         0.442131         0.005470         0.588113         1.4          2027     40       77       0        4        0                                                                                                                                        
                                                                  83.467170       -81.540000      0.130154         0.008612         0.517241         0.005470         0.661477         1.4          2027     40       80       0        4        0                                                                                                                                        
                                                                  35.115910       -78.220000      0.146536         0.003659         0.347705         0.005470         0.503371         1.4          2027     40       72       0        4        0                                                                                                                                        
                                                                  51.705300       -78.220000      0.137789         0.009434         0.372481         0.005470         0.525174         1.4          2027     40       75       0        4        0                                                                                                                                        
                                                                  68.294700       -78.220000      0.131260         0.004601         0.418598         0.005470         0.559930         1.4          2027     40       79       0        4        0                                                                                                                                        
                                                                  84.884090       -78.220000      0.126004         0.010583         0.491254         0.005470         0.633311         1.4          2027     40       82       0        4        0                                                                                                                                        
                                                                  34.202690       -74.900000      0.148707         0.002321         0.303825         0.005470         0.460323         1.4          2027     40       71       0        4        0                                                                                                                                        
                                                                  47.101350       -74.900000      0.140127         0.004112         0.321533         0.005470         0.471243         1.4          2027     40       74       0        4        0                                                                                                                                        
                                                                  60.000000       -74.900000      0.132556         0.008001         0.352672         0.005470         0.498698         1.4          2027     40       78       0        4        0                                                                                                                                        
                                                                  72.898650       -74.900000      0.126517         0.006662         0.400446         0.005470         0.539095         1.4          2027     40       81       0        4        0                                                                                                                                        
                                                                  85.797310       -74.900000      0.122379         0.006196         0.470376         0.005470         0.604421         1.4          2027     40       84       0        4        0                                                                                                                                        
                                                                  33.521010       -71.580000      0.151348         0.001778         0.268915         0.005470         0.427512         1.4          2027     40       70       0        4        0                                                                                                                                        
                                                                  44.112600       -71.580000      0.142388         0.001983         0.282246         0.005470         0.432087         1.4          2027     40       73       0        4        0                                                                                                                                        
                                                                  54.704200       -71.580000      0.134902         0.002175         0.304886         0.005470         0.447433         1.4          2027     40       77       0        4        0                                                                                                                                        
                                                                  65.295800       -71.580000      0.128330         0.007442         0.338284         0.005470         0.479526         1.4          2027     40       80       0        4        0                                                                                                                                        
                                                                  75.887400       -71.580000      0.122964         0.008273         0.386260         0.005470         0.522967         1.4          2027     40       83       0        4        0                                                                                                                                        
                                                                  86.478990       -71.580000      0.118848         0.009922         0.454292         0.005470         0.588531         1.4          2027     40       86       0        4        0                                                                                                                                        
                                                                  32.955670       -68.260000      0.154978         0.002109         0.241076         0.005470         0.403632         1.4          2027     40       69       0        4        0                                                                                                                                        
                                                                  41.970450       -68.260000      0.145101         0.002658         0.251473         0.005470         0.404703         1.4          2027     40       72       0        4        0                                                                                                                                        
                                                                  50.985220       -68.260000      0.137183         0.002517         0.268331         0.005470         0.413501         1.4          2027     40       76       0        4        0                                                                                                                                        
                                                                  60.000000       -68.260000      0.130127         0.006412         0.293095         0.005470         0.435103         1.4          2027     40       79       0        4        0                                                                                                                                        
                                                                  69.014780       -68.260000      0.124947         0.003600         0.327965         0.005470         0.461982         1.4          2027     40       82       0        4        0                                                                                                                                        
                                                                  78.029550       -68.260000      0.119569         0.028667         0.375815         0.005470         0.529521         1.4          2027     40       85       0        4        0                                                                                                                                        
                                                                  87.044330       -68.260000      0.116116         0.018989         0.442189         0.005470         0.582764         1.4          2027     40       88       0        4        0                                                                                                                                        
                                                                  32.448980       -64.940000      0.158667         0.001696         0.218698         0.005470         0.384531         1.4          2027     40       68       0        4        0                                                                                                                                        
                                                                  40.320700       -64.940000      0.148814         0.001554         0.227024         0.005470         0.382862         1.4          2027     40       72       0        4        0                                                                                                                                        
                                                                  48.192420       -64.940000      0.139933         0.002757         0.240245         0.005470         0.388406         1.4          2027     40       75       0        4        0                                                                                                                                        
                                                                  56.064140       -64.940000      0.132983         0.004378         0.258957         0.005470         0.401788         1.4          2027     40       78       0        4        0                                                                                                                                        
                                                                  63.935860       -64.940000      0.126774         0.002591         0.285022         0.005470         0.419857         1.4          2027     40       81       0        4        0                                                                                                                                        
                                                                  71.807580       -64.940000      0.121511         0.002099         0.320592         0.005470         0.449673         1.4          2027     40       85       0        4        0                                                                                                                                        
                                                                  79.679300       -64.940000      0.117023         0.003806         0.368800         0.005470         0.495099         1.4          2027     40       88       0        4        0                                                                                                                                        
                                                                  87.551020       -64.940000      0.113725         0.002758         0.433816         0.005470         0.555768         1.4          2027     40       90       0        4        0                                                                                                                                        
                                                                  31.968360       -61.620000      0.162953         0.002062         0.200234         0.005470         0.370719         1.4          2027     40       67       0        4        0                                                                                                                                        
                                                                  38.976270       -61.620000      0.152565         0.001384         0.207042         0.005470         0.366461         1.4          2027     40       71       0        4        0                                                                                                                                        
                                                                  45.984180       -61.620000      0.143722         0.001722         0.217312         0.005470         0.368226         1.4          2027     40       74       0        4        0                                                                                                                                        
                                                                  52.992090       -61.620000      0.135773         0.002872         0.232519         0.005470         0.376635         1.4          2027     40       77       0        4        0                                                                                                                                        
                                                                  60.000000       -61.620000      0.129682         0.002109         0.252525         0.005470         0.389786         1.4          2027     40       81       0        4        0                                                                                                                                        
                                                                  67.007910       -61.620000      0.124063         0.000941         0.279974         0.005470         0.410448         1.4          2027     40       84       0        4        0                                                                                                                                        
                                                                  74.015820       -61.620000      0.118975         0.001352         0.316212         0.005470         0.442009         1.4          2027     40       87       0        4        0                                                                                                                                        
                                                                  81.023730       -61.620000      0.115055         0.002361         0.364299         0.005470         0.487186         1.4          2027     40       90       0        4        0                                                                                                                                        
                                                                  88.031640       -61.620000      0.112828         0.002768         0.429445         0.005470         0.550511         1.4          2027     40       93       0        4        0                                                                                                                                        
                                                                  31.493700       -58.300000      0.168412         0.001293         0.184839         0.005470         0.360015         1.4          2027     40       67       0        4        0                                                                                                                                        
                                                                  37.828430       -58.300000      0.156917         0.001768         0.190502         0.005470         0.354656         1.4          2027     40       70       0        4        0                                                                                                                                        
                                                                  44.163160       -58.300000      0.147541         0.001078         0.199292         0.005470         0.353380         1.4          2027     40       73       0        4        0                                                                                                                                        
                                                                  50.497900       -58.300000      0.139651         0.001599         0.211332         0.005470         0.358053         1.4          2027     40       77       0        4        0                                                                                                                                        
                                                                  56.832630       -58.300000      0.132538         0.001918         0.227367         0.005470         0.367293         1.4          2027     40       80       0        4        0                                                                                                                                        
                                                                  63.167370       -58.300000      0.126490         0.001159         0.248838         0.005470         0.381957         1.4          2027     40       83       0        4        0                                                                                                                                        
                                                                  69.502100       -58.300000      0.121534         0.000521         0.277238         0.005470         0.404762         1.4          2027     40       86       0        4        0                                                                                                                                        
                                                                  75.836840       -58.300000      0.116977         0.001519         0.314299         0.005470         0.438266         1.4          2027     40       89       0        4        0                                                                                                                                        
                                                                  82.171570       -58.300000      0.114206         0.002047         0.363063         0.005470         0.484786         1.4          2027     40       92       0        4        0                                                                                                                                        
                                                                  88.506300       -58.300000      0.112344         0.003868         0.428327         0.005470         0.550009         1.4          2027     40       95       0        4        0                                                                                                                                        
                                                                  31.011470       -54.980000      0.174160         0.001404         0.172279         0.005470         0.353313         1.4          2027     40       66       0        4        0                                                                                                                                        
                                                                  36.809180       -54.980000      0.162482         0.001467         0.177055         0.005470         0.346474         1.4          2027     40       69       0        4        0                                                                                                                                        
                                                                  42.606880       -54.980000      0.151978         0.001398         0.184444         0.005470         0.343290         1.4          2027     40       72       0        4        0                                                                                                                                        
                                                                  48.404590       -54.980000      0.143554         0.000785         0.194052         0.005470         0.343861         1.4          2027     40       76       0        4        0                                                                                                                                        
                                                                  54.202290       -54.980000      0.136525         0.000860         0.207604         0.005470         0.350459         1.4          2027     40       79       0        4        0                                                                                                                                        
                                                                  60.000000       -54.980000      0.130166         0.000858         0.224709         0.005470         0.361203         1.4          2027     40       82       0        4        0                                                                                                                                        
                                                                  65.797710       -54.980000      0.124104         0.000384         0.247618         0.005470         0.377576         1.4          2027     40       85       0        4        0                                                                                                                                        
                                                                  71.595410       -54.980000      0.119509         0.000619         0.276690         0.005470         0.402288         1.4          2027     40       89       0        4        0                                                                                                                                        
                                                                  77.393120       -54.980000      0.116144         0.001343         0.314852         0.005470         0.437808         1.4          2027     40       92       0        4        0                                                                                                                                        
                                                                  83.190820       -54.980000      0.113976         0.002578         0.364797         0.005470         0.486822         1.4          2027     40       94       0        4        0                                                                                                                                        
                                                                  88.988530       -54.980000      0.112277         0.004820         0.431385         0.005470         0.553952         1.4          2027     40       97       0        4        0                                                                                                                                        
                                                                  30.511950       -51.660000      0.184049         0.000906         0.162085         0.005470         0.352511         1.4          2027     40       65       0        4        0                                                                                                                                        
                                                                  35.873410       -51.660000      0.168333         0.001801         0.165772         0.005470         0.341376         1.4          2027     40       68       0        4        0                                                                                                                                        
                                                                  41.234880       -51.660000      0.157681         0.001531         0.172085         0.005470         0.336766         1.4          2027     40       72       0        4        0                                                                                                                                        
                                                                  46.596340       -51.660000      0.148102         0.001124         0.180153         0.005470         0.334849         1.4          2027     40       75       0        4        0                                                                                                                                        
                                                                  51.957800       -51.660000      0.140543         0.000771         0.191573         0.005470         0.338357         1.4          2027     40       78       0        4        0                                                                                                                                        
                                                                  57.319270       -51.660000      0.133698         0.000696         0.205766         0.005470         0.345630         1.4          2027     40       82       0        4        0                                                                                                                                        
                                                                  62.680730       -51.660000      0.127807         0.000976         0.224325         0.005470         0.358578         1.4          2027     40       85       0        4        0                                                                                                                                        
                                                                  68.042200       -51.660000      0.122650         0.000601         0.247991         0.005470         0.376712         1.4          2027     40       88       0        4        0                                                                                                                                        
                                                                  73.403660       -51.660000      0.118619         0.000577         0.278726         0.005470         0.403392         1.4          2027     40       91       0        4        0                                                                                                                                        
                                                                  78.765120       -51.660000      0.116162         0.000989         0.318366         0.005470         0.440987         1.4          2027     40       94       0        4        0                                                                                                                                        
                                                                  84.126590       -51.660000      0.114171         0.002125         0.370092         0.005470         0.491858         1.4          2027     40       97       0        4        0                                                                                                                                        
                                                                  89.488050       -51.660000      0.112625         0.003238         0.438923         0.005470         0.560256         1.4          2027     40       99       0        4        0                                                                                                                                        
                                                                  32.488610       -48.340000      0.184920         0.001064         0.154893         0.005470         0.346348         1.4          2027     40       66       0        4        0                                                                                                                                        
                                                                  37.490680       -48.340000      0.172416         0.000897         0.159167         0.005470         0.337950         1.4          2027     40       69       0        4        0                                                                                                                                        
                                                                  42.492750       -48.340000      0.161210         0.001901         0.165112         0.005470         0.333693         1.4          2027     40       73       0        4        0                                                                                                                                        
                                                                  47.494820       -48.340000      0.149433         0.001171         0.173405         0.005470         0.329479         1.4          2027     40       76       0        4        0                                                                                                                                        
                                                                  52.496890       -48.340000      0.141382         0.000539         0.184048         0.005470         0.331440         1.4          2027     40       79       0        4        0                                                                                                                                        
                                                                  57.498960       -48.340000      0.135240         0.000431         0.197581         0.005470         0.338722         1.4          2027     40       82       0        4        0                                                                                                                                        
                                                                  62.501040       -48.340000      0.128832         0.000781         0.215130         0.005470         0.350213         1.4          2027     40       86       0        4        0                                                                                                                                        
                                                                  67.503110       -48.340000      0.123907         0.000750         0.237315         0.005470         0.367443         1.4          2027     40       89       0        4        0                                                                                                                                        
                                                                  72.505180       -48.340000      0.120207         0.000947         0.265927         0.005470         0.392552         1.4          2027     40       92       0        4        0                                                                                                                                        
                                                                  77.507250       -48.340000      0.117696         0.000628         0.302153         0.005470         0.425947         1.4          2027     40       95       0        4        0                                                                                                                                        
                                                                  82.509320       -48.340000      0.115646         0.001884         0.349564         0.005470         0.472564         1.4          2027     40       98       0        4        0                                                                                                                                        
                                                                  87.511390       -48.340000      0.114033         0.004296         0.412202         0.005470         0.536001         1.4          2027     40       100      0        4        0                                                                                                                                        
                                                                  36.486220       -45.020000      0.179734         0.000997         0.151185         0.005470         0.337386         1.4          2027     40       69       0        4        0                                                                                                                                        
                                                                  41.188980       -45.020000      0.168248         0.001218         0.156336         0.005470         0.331273         1.4          2027     40       72       0        4        0                                                                                                                                        
                                                                  45.891730       -45.020000      0.157940         0.001024         0.163546         0.005470         0.327980         1.4          2027     40       75       0        4        0                                                                                                                                        
                                                                  50.594490       -45.020000      0.149797         0.001017         0.172742         0.005470         0.329026         1.4          2027     40       78       0        4        0                                                                                                                                        
                                                                  55.297240       -45.020000      0.142246         0.000593         0.184351         0.005470         0.332660         1.4          2027     40       82       0        4        0                                                                                                                                        
                                                                  60.000000       -45.020000      0.135918         0.000313         0.198956         0.005470         0.340657         1.4          2027     40       85       0        4        0                                                                                                                                        
                                                                  64.702760       -45.020000      0.130346         0.000850         0.217735         0.005470         0.354401         1.4          2027     40       88       0        4        0                                                                                                                                        
                                                                  69.405510       -45.020000      0.125909         0.000583         0.241379         0.005470         0.373342         1.4          2027     40       91       0        4        0                                                                                                                                        
                                                                  74.108270       -45.020000      0.123053         0.000836         0.271775         0.005470         0.401134         1.4          2027     40       94       0        4        0                                                                                                                                        
                                                                  78.811020       -45.020000      0.120668         0.001592         0.310252         0.005470         0.437983         1.4          2027     40       97       0        4        0                                                                                                                                        
                                                                  83.513780       -45.020000      0.118735         0.002084         0.360587         0.005470         0.486876         1.4          2027     40       100      0        4        0                                                                                                                                        
                                                                  39.968550       -41.700000      0.175786         0.001071         0.149000         0.005470         0.331327         1.4          2027     40       71       0        4        0                                                                                                                                        
                                                                  44.419980       -41.700000      0.165232         0.000651         0.155354         0.005470         0.326708         1.4          2027     40       74       0        4        0                                                                                                                                        
                                                                  48.871420       -41.700000      0.155735         0.000744         0.163417         0.005470         0.325366         1.4          2027     40       78       0        4        0                                                                                                                                        
                                                                  53.322850       -41.700000      0.147552         0.000632         0.173538         0.005470         0.327192         1.4          2027     40       81       0        4        0                                                                                                                                        
                                                                  57.774280       -41.700000      0.140699         0.000649         0.186187         0.005470         0.333005         1.4          2027     40       84       0        4        0                                                                                                                                        
                                                                  62.225720       -41.700000      0.135141         0.000648         0.202385         0.005470         0.343644         1.4          2027     40       87       0        4        0                                                                                                                                        
                                                                  66.677150       -41.700000      0.129901         0.001425         0.222600         0.005470         0.359396         1.4          2027     40       91       0        4        0                                                                                                                                        
                                                                  71.128580       -41.700000      0.126721         0.000863         0.248009         0.005470         0.381063         1.4          2027     40       94       0        4        0                                                                                                                                        
                                                                  75.580020       -41.700000      0.124026         0.001064         0.280242         0.005470         0.410802         1.4          2027     40       97       0        4        0                                                                                                                                        
                                                                  80.031450       -41.700000      0.121798         0.001218         0.321984         0.005470         0.450470         1.4          2027     40       100      0        4        0                                                                                                                                        
                                                                  43.043240       -38.380000      0.173037         0.001229         0.148545         0.005470         0.328281         1.4          2027     40       74       0        4        0                                                                                                                                        
                                                                  47.282430       -38.380000      0.163322         0.001203         0.155708         0.005470         0.325703         1.4          2027     40       77       0        4        0                                                                                                                                        
                                                                  51.521620       -38.380000      0.154567         0.001081         0.164659         0.005470         0.325778         1.4          2027     40       80       0        4        0                                                                                                                                        
                                                                  55.760810       -38.380000      0.146958         0.000549         0.175787         0.005470         0.328764         1.4          2027     40       84       0        4        0                                                                                                                                        
                                                                  60.000000       -38.380000      0.140228         0.000289         0.189998         0.005470         0.335986         1.4          2027     40       87       0        4        0                                                                                                                                        
                                                                  64.239190       -38.380000      0.134635         0.001518         0.207212         0.005470         0.348835         1.4          2027     40       90       0        4        0                                                                                                                                        
                                                                  68.478380       -38.380000      0.131033         0.001188         0.229152         0.005470         0.366843         1.4          2027     40       93       0        4        0                                                                                                                                        
                                                                  72.717570       -38.380000      0.127996         0.001036         0.256730         0.005470         0.391232         1.4          2027     40       96       0        4        0                                                                                                                                        
                                                                  76.956760       -38.380000      0.125446         0.001505         0.292142         0.005470         0.424562         1.4          2027     40       99       0        4        0                                                                                                                                        
                                                                  45.792350       -35.060000      0.171448         0.001264         0.149349         0.005470         0.327531         1.4          2027     40       76       0        4        0                                                                                                                                        
                                                                  49.851680       -35.060000      0.161818         0.001016         0.157370         0.005470         0.325673         1.4          2027     40       80       0        4        0                                                                                                                                        
                                                                  53.911010       -35.060000      0.153493         0.000870         0.167298         0.005470         0.327131         1.4          2027     40       83       0        4        0                                                                                                                                        
                                                                  57.970340       -35.060000      0.146691         0.000646         0.179958         0.005470         0.332765         1.4          2027     40       86       0        4        0                                                                                                                                        
                                                                  62.029660       -35.060000      0.140442         0.000559         0.195150         0.005470         0.341621         1.4          2027     40       89       0        4        0                                                                                                                                        
                                                                  66.088990       -35.060000      0.136068         0.001754         0.214433         0.005470         0.357724         1.4          2027     40       92       0        4        0                                                                                                                                        
                                                                  70.148320       -35.060000      0.132645         0.002147         0.238478         0.005470         0.378741         1.4          2027     40       96       0        4        0                                                                                                                                        
                                                                  74.207650       -35.060000      0.129734         0.001601         0.268752         0.005470         0.405558         1.4          2027     40       99       0        4        0                                                                                                                                        
                                                                  48.279790       -31.740000      0.170996         0.000892         0.151806         0.005470         0.329164         1.4          2027     40       79       0        4        0                                                                                                                                        
                                                                  52.186530       -31.740000      0.161878         0.000969         0.160779         0.005470         0.329096         1.4          2027     40       82       0        4        0                                                                                                                                        
                                                                  56.093260       -31.740000      0.153620         0.000413         0.171824         0.005470         0.331327         1.4          2027     40       85       0        4        0                                                                                                                                        
                                                                  60.000000       -31.740000      0.147083         0.000462         0.185822         0.005470         0.338838         1.4          2027     40       89       0        4        0                                                                                                                                        
                                                                  63.906740       -31.740000      0.141926         0.001902         0.202653         0.005470         0.351951         1.4          2027     40       92       0        4        0                                                                                                                                        
                                                                  67.813470       -31.740000      0.138058         0.001315         0.223983         0.005470         0.368827         1.4          2027     40       95       0        4        0                                                                                                                                        
                                                                  71.720210       -31.740000      0.134739         0.001176         0.250637         0.005470         0.392022         1.4          2027     40       98       0        4        0                                                                                                                                        
                                                                  50.556350       -28.420000      0.173295         0.000875         0.155599         0.005470         0.335239         1.4          2027     40       82       0        4        0                                                                                                                                        
                                                                  54.333810       -28.420000      0.164744         0.000702         0.165668         0.005470         0.336583         1.4          2027     40       85       0        4        0                                                                                                                                        
                                                                  58.111270       -28.420000      0.157230         0.000519         0.178027         0.005470         0.341245         1.4          2027     40       88       0        4        0                                                                                                                                        
                                                                  61.888730       -28.420000      0.151072         0.001641         0.193631         0.005470         0.351814         1.4          2027     40       91       0        4        0                                                                                                                                        
                                                                  65.666190       -28.420000      0.146645         0.002034         0.212461         0.005470         0.366609         1.4          2027     40       94       0        4        0                                                                                                                                        
                                                                  69.443650       -28.420000      0.142814         0.001804         0.236324         0.005470         0.386412         1.4          2027     40       97       0        4        0                                                                                                                                        
                                                                  52.663160       -25.100000      0.174011         0.000865         0.160872         0.005470         0.341218         1.4          2027     40       84       0        4        0                                                                                                                                        
                                                                  56.331580       -25.100000      0.166110         0.000633         0.172238         0.005470         0.344451         1.4          2027     40       87       0        4        0                                                                                                                                        
                                                                  60.000000       -25.100000      0.158806         0.001479         0.186567         0.005470         0.352322         1.4          2027     40       91       0        4        0                                                                                                                                        
                                                                  63.668420       -25.100000      0.153774         0.002260         0.203745         0.005470         0.365249         1.4          2027     40       94       0        4        0                                                                                                                                        
                                                                  67.336840       -25.100000      0.149396         0.002427         0.225440         0.005470         0.382733         1.4          2027     40       97       0        4        0                                                                                                                                        
                                                                  54.634210       -21.780000      0.175957         0.001661         0.168240         0.005470         0.351327         1.4          2027     40       87       0        4        0                                                                                                                                        
                                                                  58.211400       -21.780000      0.167871         0.003092         0.181172         0.005470         0.357606         1.4          2027     40       90       0        4        0                                                                                                                                        
                                                                  61.788600       -21.780000      0.162059         0.002651         0.197053         0.005470         0.367232         1.4          2027     40       93       0        4        0                                                                                                                                        
                                                                  65.365790       -21.780000      0.157034         0.001314         0.217058         0.005470         0.380877         1.4          2027     40       96       0        4        0                                                                                                                                        
                                                                  56.498110       -18.460000      0.181156         0.006533         0.177240         0.005470         0.370399         1.4          2027     40       89       0        4        0                                                                                                                                        
                                                                  60.000000       -18.460000      0.174077         0.001771         0.192494         0.005470         0.373812         1.4          2027     40       92       0        4        0                                                                                                                                        
                                                                  63.501890       -18.460000      0.168245         0.001855         0.210796         0.005470         0.386365         1.4          2027     40       96       0        4        0                                                                                                                                        
                                                                  56.558970       -15.140000      0.191600         0.002490         0.181705         0.005470         0.381265         1.4          2027     40       90       0        4        0                                                                                                                                        
                                                                  60.000000       -15.140000      0.181618         0.002460         0.197293         0.005470         0.386842         1.4          2027     40       93       0        4        0                                                                                                                                        
                                                                  63.441030       -15.140000      0.175314         0.002936         0.216887         0.005470         0.400606         1.4          2027     40       97       0        4        0                                                                                                                                        