# \Rows = 155
# \Cols = 13
# \Coordinate system = equ
# \Equinox = J2000
# \Coordinate format = degree
# \objname is name or coordinates
# \ra is right ascension in degrees J2000
# \dec is declination in degrees J2000
# \zody is zodiacal light, unit = MJy/sr; it is median in viewing zone if ido_view = 1
# \ism is interstellar light, unit = MJy/sr
# \stars is stellar light, unit = MJy/sr
# \cib is cosmic infrared background, unit = MJy/sr
# \totbg is total background, unit = MJy/sr
# \wavelength in microns
# \year
# \day is day of year, or -999 if ido_view = 1
# \selon is solar elongation in deg, or -999 if ido_view = 1
# \obsloc is observing location, 0=L2, 3=Earth orbit
# \obsver is code version
# \ido_view if 1 then use median zodiacal in view range
# |objname                                                         |ra             |dec            |zody            |ism             |stars           |cib             |totbg           |wavelength  |year    |day     |selon   |obsloc  |obsver  |ido_view|errmsg                                                                                                                          |
# |char                                                            |double         |double         |double          |double          |double          |double          |double          |float       |char    |char    |int     |char    |char    |char    |char                                                                                                                            |
# |                                                                |deg            |deg            |MJy/sr          |MJy/sr          |MJy/sr          |MJy/sr          |MJy/sr          |microns     |        |        |deg     |        |        |        |                                                                                                                                |
                                                                  39.316320       -84.860000      0.149358         0.006324         0.477601         0.005470         0.638752         1.4          2027     30       72       0        4        0                                                                                                                                        
                                                                  80.683680       -84.860000      0.140760         0.009065         0.550012         0.005470         0.705308         1.4          2027     30       75       0        4        0                                                                                                                                        
                                                                  36.532830       -81.540000      0.149667         0.005164         0.403864         0.005470         0.564165         1.4          2027     30       72       0        4        0                                                                                                                                        
                                                                  60.000000       -81.540000      0.140691         0.004112         0.442131         0.005470         0.592404         1.4          2027     30       75       0        4        0                                                                                                                                        
                                                                  83.467170       -81.540000      0.134861         0.008612         0.517241         0.005470         0.666184         1.4          2027     30       78       0        4        0                                                                                                                                        
                                                                  35.115910       -78.220000      0.150395         0.003659         0.347705         0.005470         0.507229         1.4          2027     30       71       0        4        0                                                                                                                                        
                                                                  51.705300       -78.220000      0.141727         0.009434         0.372481         0.005470         0.529112         1.4          2027     30       75       0        4        0                                                                                                                                        
                                                                  68.294700       -78.220000      0.134548         0.004601         0.418598         0.005470         0.563218         1.4          2027     30       78       0        4        0                                                                                                                                        
                                                                  84.884090       -78.220000      0.129880         0.010583         0.491254         0.005470         0.637187         1.4          2027     30       80       0        4        0                                                                                                                                        
                                                                  34.202690       -74.900000      0.151509         0.002321         0.303825         0.005470         0.463125         1.4          2027     30       71       0        4        0                                                                                                                                        
                                                                  47.101350       -74.900000      0.142655         0.004112         0.321533         0.005470         0.473770         1.4          2027     30       74       0        4        0                                                                                                                                        
                                                                  60.000000       -74.900000      0.135036         0.008001         0.352672         0.005470         0.501178         1.4          2027     30       77       0        4        0                                                                                                                                        
                                                                  72.898650       -74.900000      0.129622         0.006662         0.400446         0.005470         0.542200         1.4          2027     30       80       0        4        0                                                                                                                                        
                                                                  85.797310       -74.900000      0.125058         0.006196         0.470376         0.005470         0.607100         1.4          2027     30       83       0        4        0                                                                                                                                        
                                                                  33.521010       -71.580000      0.153015         0.001778         0.268915         0.005470         0.429178         1.4          2027     30       70       0        4        0                                                                                                                                        
                                                                  44.112600       -71.580000      0.143960         0.001983         0.282246         0.005470         0.433659         1.4          2027     30       74       0        4        0                                                                                                                                        
                                                                  54.704200       -71.580000      0.136020         0.002175         0.304886         0.005470         0.448551         1.4          2027     30       77       0        4        0                                                                                                                                        
                                                                  65.295800       -71.580000      0.130147         0.007442         0.338284         0.005470         0.481343         1.4          2027     30       80       0        4        0                                                                                                                                        
                                                                  75.887400       -71.580000      0.124976         0.008273         0.386260         0.005470         0.524978         1.4          2027     30       83       0        4        0                                                                                                                                        
                                                                  86.478990       -71.580000      0.121054         0.009922         0.454292         0.005470         0.590737         1.4          2027     30       85       0        4        0                                                                                                                                        
                                                                  32.955670       -68.260000      0.154934         0.002109         0.241076         0.005470         0.403589         1.4          2027     30       70       0        4        0                                                                                                                                        
                                                                  41.970450       -68.260000      0.145653         0.002658         0.251473         0.005470         0.405255         1.4          2027     30       73       0        4        0                                                                                                                                        
                                                                  50.985220       -68.260000      0.137969         0.002517         0.268331         0.005470         0.414287         1.4          2027     30       77       0        4        0                                                                                                                                        
                                                                  60.000000       -68.260000      0.131210         0.006412         0.293095         0.005470         0.436187         1.4          2027     30       80       0        4        0                                                                                                                                        
                                                                  69.014780       -68.260000      0.125616         0.003600         0.327965         0.005470         0.462651         1.4          2027     30       83       0        4        0                                                                                                                                        
                                                                  78.029550       -68.260000      0.121205         0.028667         0.375815         0.005470         0.531157         1.4          2027     30       86       0        4        0                                                                                                                                        
                                                                  87.044330       -68.260000      0.117969         0.018989         0.442189         0.005470         0.584617         1.4          2027     30       88       0        4        0                                                                                                                                        
                                                                  32.448980       -64.940000      0.157304         0.001696         0.218698         0.005470         0.383167         1.4          2027     30       70       0        4        0                                                                                                                                        
                                                                  40.320700       -64.940000      0.147764         0.001554         0.227024         0.005470         0.381812         1.4          2027     30       73       0        4        0                                                                                                                                        
                                                                  48.192420       -64.940000      0.139807         0.002757         0.240245         0.005470         0.388279         1.4          2027     30       76       0        4        0                                                                                                                                        
                                                                  56.064140       -64.940000      0.132736         0.004378         0.258957         0.005470         0.401542         1.4          2027     30       80       0        4        0                                                                                                                                        
                                                                  63.935860       -64.940000      0.126803         0.002591         0.285022         0.005470         0.419886         1.4          2027     30       83       0        4        0                                                                                                                                        
                                                                  71.807580       -64.940000      0.122025         0.002099         0.320592         0.005470         0.450187         1.4          2027     30       86       0        4        0                                                                                                                                        
                                                                  79.679300       -64.940000      0.118384         0.003806         0.368800         0.005470         0.496460         1.4          2027     30       88       0        4        0                                                                                                                                        
                                                                  87.551020       -64.940000      0.115306         0.002758         0.433816         0.005470         0.557350         1.4          2027     30       91       0        4        0                                                                                                                                        
                                                                  31.968360       -61.620000      0.160672         0.002062         0.200234         0.005470         0.368438         1.4          2027     30       70       0        4        0                                                                                                                                        
                                                                  38.976270       -61.620000      0.150334         0.001384         0.207042         0.005470         0.364231         1.4          2027     30       73       0        4        0                                                                                                                                        
                                                                  45.984180       -61.620000      0.142087         0.001722         0.217312         0.005470         0.366591         1.4          2027     30       76       0        4        0                                                                                                                                        
                                                                  52.992090       -61.620000      0.134712         0.002872         0.232519         0.005470         0.375574         1.4          2027     30       79       0        4        0                                                                                                                                        
                                                                  60.000000       -61.620000      0.128473         0.002109         0.252525         0.005470         0.388578         1.4          2027     30       83       0        4        0                                                                                                                                        
                                                                  67.007910       -61.620000      0.123388         0.000941         0.279974         0.005470         0.409773         1.4          2027     30       86       0        4        0                                                                                                                                        
                                                                  74.015820       -61.620000      0.119065         0.001352         0.316212         0.005470         0.442099         1.4          2027     30       88       0        4        0                                                                                                                                        
                                                                  81.023730       -61.620000      0.116000         0.002361         0.364299         0.005470         0.488130         1.4          2027     30       91       0        4        0                                                                                                                                        
                                                                  88.031640       -61.620000      0.114164         0.002768         0.429445         0.005470         0.551847         1.4          2027     30       93       0        4        0                                                                                                                                        
                                                                  31.493700       -58.300000      0.164123         0.001293         0.184839         0.005470         0.355726         1.4          2027     30       69       0        4        0                                                                                                                                        
                                                                  37.828430       -58.300000      0.153420         0.001768         0.190502         0.005470         0.351159         1.4          2027     30       73       0        4        0                                                                                                                                        
                                                                  44.163160       -58.300000      0.144851         0.001078         0.199292         0.005470         0.350690         1.4          2027     30       76       0        4        0                                                                                                                                        
                                                                  50.497900       -58.300000      0.137158         0.001599         0.211332         0.005470         0.355559         1.4          2027     30       79       0        4        0                                                                                                                                        
                                                                  56.832630       -58.300000      0.131325         0.001918         0.227367         0.005470         0.366080         1.4          2027     30       82       0        4        0                                                                                                                                        
                                                                  63.167370       -58.300000      0.125250         0.001159         0.248838         0.005470         0.380717         1.4          2027     30       85       0        4        0                                                                                                                                        
                                                                  69.502100       -58.300000      0.120647         0.000521         0.277238         0.005470         0.403876         1.4          2027     30       88       0        4        0                                                                                                                                        
                                                                  75.836840       -58.300000      0.117294         0.001519         0.314299         0.005470         0.438582         1.4          2027     30       91       0        4        0                                                                                                                                        
                                                                  82.171570       -58.300000      0.115148         0.002047         0.363063         0.005470         0.485729         1.4          2027     30       94       0        4        0                                                                                                                                        
                                                                  88.506300       -58.300000      0.113490         0.003868         0.428327         0.005470         0.551156         1.4          2027     30       96       0        4        0                                                                                                                                        
                                                                  31.011470       -54.980000      0.168225         0.001404         0.172279         0.005470         0.347378         1.4          2027     30       69       0        4        0                                                                                                                                        
                                                                  36.809180       -54.980000      0.157090         0.001467         0.177055         0.005470         0.341083         1.4          2027     30       72       0        4        0                                                                                                                                        
                                                                  42.606880       -54.980000      0.148154         0.001398         0.184444         0.005470         0.339466         1.4          2027     30       76       0        4        0                                                                                                                                        
                                                                  48.404590       -54.980000      0.140699         0.000785         0.194052         0.005470         0.341006         1.4          2027     30       79       0        4        0                                                                                                                                        
                                                                  54.202290       -54.980000      0.133974         0.000860         0.207604         0.005470         0.347908         1.4          2027     30       82       0        4        0                                                                                                                                        
                                                                  60.000000       -54.980000      0.128185         0.000858         0.224709         0.005470         0.359222         1.4          2027     30       85       0        4        0                                                                                                                                        
                                                                  65.797710       -54.980000      0.123105         0.000384         0.247618         0.005470         0.376577         1.4          2027     30       88       0        4        0                                                                                                                                        
                                                                  71.595410       -54.980000      0.119126         0.000619         0.276690         0.005470         0.401905         1.4          2027     30       91       0        4        0                                                                                                                                        
                                                                  77.393120       -54.980000      0.116711         0.001343         0.314852         0.005470         0.438375         1.4          2027     30       94       0        4        0                                                                                                                                        
                                                                  83.190820       -54.980000      0.114774         0.002578         0.364797         0.005470         0.487619         1.4          2027     30       96       0        4        0                                                                                                                                        
                                                                  88.988530       -54.980000      0.113287         0.004820         0.431385         0.005470         0.554963         1.4          2027     30       99       0        4        0                                                                                                                                        
                                                                  30.511950       -51.660000      0.176074         0.000906         0.162085         0.005470         0.344535         1.4          2027     30       69       0        4        0                                                                                                                                        
                                                                  35.873410       -51.660000      0.161990         0.001801         0.165772         0.005470         0.335033         1.4          2027     30       72       0        4        0                                                                                                                                        
                                                                  41.234880       -51.660000      0.152071         0.001531         0.172085         0.005470         0.331156         1.4          2027     30       76       0        4        0                                                                                                                                        
                                                                  46.596340       -51.660000      0.144237         0.001124         0.180153         0.005470         0.330984         1.4          2027     30       79       0        4        0                                                                                                                                        
                                                                  51.957800       -51.660000      0.137163         0.000771         0.191573         0.005470         0.334977         1.4          2027     30       82       0        4        0                                                                                                                                        
                                                                  57.319270       -51.660000      0.131072         0.000696         0.205766         0.005470         0.343004         1.4          2027     30       85       0        4        0                                                                                                                                        
                                                                  62.680730       -51.660000      0.125718         0.000976         0.224325         0.005470         0.356489         1.4          2027     30       88       0        4        0                                                                                                                                        
                                                                  68.042200       -51.660000      0.121482         0.000601         0.247991         0.005470         0.375544         1.4          2027     30       91       0        4        0                                                                                                                                        
                                                                  73.403660       -51.660000      0.118811         0.000577         0.278726         0.005470         0.403585         1.4          2027     30       94       0        4        0                                                                                                                                        
                                                                  78.765120       -51.660000      0.116617         0.000989         0.318366         0.005470         0.441442         1.4          2027     30       96       0        4        0                                                                                                                                        
                                                                  84.126590       -51.660000      0.114874         0.002125         0.370092         0.005470         0.492561         1.4          2027     30       99       0        4        0                                                                                                                                        
                                                                  89.488050       -51.660000      0.113549         0.003238         0.438923         0.005470         0.561180         1.4          2027     30       101      0        4        0                                                                                                                                        
                                                                  32.488610       -48.340000      0.175280         0.001064         0.154893         0.005470         0.336708         1.4          2027     30       70       0        4        0                                                                                                                                        
                                                                  37.490680       -48.340000      0.164453         0.000897         0.159167         0.005470         0.329987         1.4          2027     30       74       0        4        0                                                                                                                                        
                                                                  42.492750       -48.340000      0.154738         0.001901         0.165112         0.005470         0.327221         1.4          2027     30       77       0        4        0                                                                                                                                        
                                                                  47.494820       -48.340000      0.144520         0.001171         0.173405         0.005470         0.324566         1.4          2027     30       80       0        4        0                                                                                                                                        
                                                                  52.496890       -48.340000      0.137573         0.000539         0.184048         0.005470         0.327631         1.4          2027     30       83       0        4        0                                                                                                                                        
                                                                  57.498960       -48.340000      0.131278         0.000431         0.197581         0.005470         0.334760         1.4          2027     30       87       0        4        0                                                                                                                                        
                                                                  62.501040       -48.340000      0.126220         0.000781         0.215130         0.005470         0.347601         1.4          2027     30       90       0        4        0                                                                                                                                        
                                                                  67.503110       -48.340000      0.122846         0.000750         0.237315         0.005470         0.366382         1.4          2027     30       92       0        4        0                                                                                                                                        
                                                                  72.505180       -48.340000      0.120160         0.000947         0.265927         0.005470         0.392504         1.4          2027     30       95       0        4        0                                                                                                                                        
                                                                  77.507250       -48.340000      0.117945         0.000628         0.302153         0.005470         0.426195         1.4          2027     30       98       0        4        0                                                                                                                                        
                                                                  82.509320       -48.340000      0.116170         0.001884         0.349564         0.005470         0.473088         1.4          2027     30       100      0        4        0                                                                                                                                        
                                                                  87.511390       -48.340000      0.114804         0.004296         0.412202         0.005470         0.536773         1.4          2027     30       103      0        4        0                                                                                                                                        
                                                                  36.486220       -45.020000      0.170066         0.000997         0.151185         0.005470         0.327718         1.4          2027     30       74       0        4        0                                                                                                                                        
                                                                  41.188980       -45.020000      0.160409         0.001218         0.156336         0.005470         0.323434         1.4          2027     30       77       0        4        0                                                                                                                                        
                                                                  45.891730       -45.020000      0.151724         0.001024         0.163546         0.005470         0.321764         1.4          2027     30       80       0        4        0                                                                                                                                        
                                                                  50.594490       -45.020000      0.144154         0.001017         0.172742         0.005470         0.323382         1.4          2027     30       83       0        4        0                                                                                                                                        
                                                                  55.297240       -45.020000      0.137980         0.000593         0.184351         0.005470         0.328394         1.4          2027     30       86       0        4        0                                                                                                                                        
                                                                  60.000000       -45.020000      0.132278         0.000313         0.198956         0.005470         0.337017         1.4          2027     30       89       0        4        0                                                                                                                                        
                                                                  64.702760       -45.020000      0.128371         0.000850         0.217735         0.005470         0.352426         1.4          2027     30       92       0        4        0                                                                                                                                        
                                                                  69.405510       -45.020000      0.125381         0.000583         0.241379         0.005470         0.372814         1.4          2027     30       95       0        4        0                                                                                                                                        
                                                                  74.108270       -45.020000      0.122876         0.000836         0.271775         0.005470         0.400957         1.4          2027     30       98       0        4        0                                                                                                                                        
                                                                  78.811020       -45.020000      0.120827         0.001592         0.310252         0.005470         0.438142         1.4          2027     30       101      0        4        0                                                                                                                                        
                                                                  83.513780       -45.020000      0.119200         0.002084         0.360587         0.005470         0.487342         1.4          2027     30       103      0        4        0                                                                                                                                        
                                                                  39.968550       -41.700000      0.166360         0.001071         0.149000         0.005470         0.321901         1.4          2027     30       77       0        4        0                                                                                                                                        
                                                                  44.419980       -41.700000      0.157099         0.000651         0.155354         0.005470         0.318574         1.4          2027     30       80       0        4        0                                                                                                                                        
                                                                  48.871420       -41.700000      0.149058         0.000744         0.163417         0.005470         0.318689         1.4          2027     30       83       0        4        0                                                                                                                                        
                                                                  53.322850       -41.700000      0.142479         0.000632         0.173538         0.005470         0.322119         1.4          2027     30       86       0        4        0                                                                                                                                        
                                                                  57.774280       -41.700000      0.136423         0.000649         0.186187         0.005470         0.328729         1.4          2027     30       89       0        4        0                                                                                                                                        
                                                                  62.225720       -41.700000      0.132200         0.000648         0.202385         0.005470         0.340703         1.4          2027     30       92       0        4        0                                                                                                                                        
                                                                  66.677150       -41.700000      0.128913         0.001425         0.222600         0.005470         0.358408         1.4          2027     30       95       0        4        0                                                                                                                                        
                                                                  71.128580       -41.700000      0.126131         0.000863         0.248009         0.005470         0.380473         1.4          2027     30       98       0        4        0                                                                                                                                        
                                                                  75.580020       -41.700000      0.123822         0.001064         0.280242         0.005470         0.410597         1.4          2027     30       101      0        4        0                                                                                                                                        
                                                                  80.031450       -41.700000      0.121954         0.001218         0.321984         0.005470         0.450627         1.4          2027     30       103      0        4        0                                                                                                                                        
                                                                  43.043240       -38.380000      0.163403         0.001229         0.148545         0.005470         0.318647         1.4          2027     30       80       0        4        0                                                                                                                                        
                                                                  47.282430       -38.380000      0.154803         0.001203         0.155708         0.005470         0.317183         1.4          2027     30       83       0        4        0                                                                                                                                        
                                                                  51.521620       -38.380000      0.147745         0.001081         0.164659         0.005470         0.318956         1.4          2027     30       86       0        4        0                                                                                                                                        
                                                                  55.760810       -38.380000      0.141276         0.000549         0.175787         0.005470         0.323082         1.4          2027     30       89       0        4        0                                                                                                                                        
                                                                  60.000000       -38.380000      0.136687         0.000289         0.189998         0.005470         0.332445         1.4          2027     30       92       0        4        0                                                                                                                                        
                                                                  64.239190       -38.380000      0.133065         0.001518         0.207212         0.005470         0.347264         1.4          2027     30       95       0        4        0                                                                                                                                        
                                                                  68.478380       -38.380000      0.129972         0.001188         0.229152         0.005470         0.365781         1.4          2027     30       98       0        4        0                                                                                                                                        
                                                                  72.717570       -38.380000      0.127377         0.001036         0.256730         0.005470         0.390612         1.4          2027     30       101      0        4        0                                                                                                                                        
                                                                  76.956760       -38.380000      0.125247         0.001505         0.292142         0.005470         0.424364         1.4          2027     30       104      0        4        0                                                                                                                                        
                                                                  45.792350       -35.060000      0.161520         0.001264         0.149349         0.005470         0.317603         1.4          2027     30       83       0        4        0                                                                                                                                        
                                                                  49.851680       -35.060000      0.153894         0.001016         0.157370         0.005470         0.317749         1.4          2027     30       86       0        4        0                                                                                                                                        
                                                                  53.911010       -35.060000      0.146935         0.000870         0.167298         0.005470         0.320574         1.4          2027     30       89       0        4        0                                                                                                                                        
                                                                  57.970340       -35.060000      0.141919         0.000646         0.179958         0.005470         0.327993         1.4          2027     30       92       0        4        0                                                                                                                                        
                                                                  62.029660       -35.060000      0.137907         0.000559         0.195150         0.005470         0.339086         1.4          2027     30       95       0        4        0                                                                                                                                        
                                                                  66.088990       -35.060000      0.134459         0.001754         0.214433         0.005470         0.356115         1.4          2027     30       98       0        4        0                                                                                                                                        
                                                                  70.148320       -35.060000      0.131541         0.002147         0.238478         0.005470         0.377637         1.4          2027     30       101      0        4        0                                                                                                                                        
                                                                  74.207650       -35.060000      0.129118         0.001601         0.268752         0.005470         0.404942         1.4          2027     30       104      0        4        0                                                                                                                                        
                                                                  48.279790       -31.740000      0.163533         0.000892         0.151806         0.005470         0.321701         1.4          2027     30       86       0        4        0                                                                                                                                        
                                                                  52.186530       -31.740000      0.156246         0.000969         0.160779         0.005470         0.323464         1.4          2027     30       89       0        4        0                                                                                                                                        
                                                                  56.093260       -31.740000      0.147988         0.000413         0.171824         0.005470         0.325695         1.4          2027     30       92       0        4        0                                                                                                                                        
                                                                  60.000000       -31.740000      0.143522         0.000462         0.185822         0.005470         0.335277         1.4          2027     30       95       0        4        0                                                                                                                                        
                                                                  63.906740       -31.740000      0.139664         0.001902         0.202653         0.005470         0.349689         1.4          2027     30       98       0        4        0                                                                                                                                        
                                                                  67.813470       -31.740000      0.136374         0.001315         0.223983         0.005470         0.367143         1.4          2027     30       101      0        4        0                                                                                                                                        
                                                                  71.720210       -31.740000      0.133618         0.001176         0.250637         0.005470         0.390901         1.4          2027     30       104      0        4        0                                                                                                                                        
                                                                  50.556350       -28.420000      0.163707         0.000875         0.155599         0.005470         0.325651         1.4          2027     30       89       0        4        0                                                                                                                                        
                                                                  54.333810       -28.420000      0.157264         0.000702         0.165668         0.005470         0.329104         1.4          2027     30       92       0        4        0                                                                                                                                        
                                                                  58.111270       -28.420000      0.152237         0.000519         0.178027         0.005470         0.336252         1.4          2027     30       95       0        4        0                                                                                                                                        
                                                                  61.888730       -28.420000      0.147874         0.001641         0.193631         0.005470         0.348616         1.4          2027     30       98       0        4        0                                                                                                                                        
                                                                  65.666190       -28.420000      0.144134         0.002034         0.212461         0.005470         0.364099         1.4          2027     30       101      0        4        0                                                                                                                                        
                                                                  69.443650       -28.420000      0.140975         0.001804         0.236324         0.005470         0.384573         1.4          2027     30       104      0        4        0                                                                                                                                        
                                                                  52.663160       -25.100000      0.165240         0.000865         0.160872         0.005470         0.332447         1.4          2027     30       92       0        4        0                                                                                                                                        
                                                                  56.331580       -25.100000      0.159582         0.000633         0.172238         0.005470         0.337923         1.4          2027     30       95       0        4        0                                                                                                                                        
                                                                  60.000000       -25.100000      0.154659         0.001479         0.186567         0.005470         0.348175         1.4          2027     30       98       0        4        0                                                                                                                                        
                                                                  63.668420       -25.100000      0.150419         0.002260         0.203745         0.005470         0.361894         1.4          2027     30       101      0        4        0                                                                                                                                        
                                                                  67.336840       -25.100000      0.146814         0.002427         0.225440         0.005470         0.380151         1.4          2027     30       104      0        4        0                                                                                                                                        
                                                                  54.634210       -21.780000      0.170548         0.001661         0.168240         0.005470         0.345919         1.4          2027     30       94       0        4        0                                                                                                                                        
                                                                  58.211400       -21.780000      0.164934         0.003092         0.181172         0.005470         0.354668         1.4          2027     30       98       0        4        0                                                                                                                                        
                                                                  61.788600       -21.780000      0.160080         0.002651         0.197053         0.005470         0.365253         1.4          2027     30       101      0        4        0                                                                                                                                        
                                                                  65.365790       -21.780000      0.155932         0.001314         0.217058         0.005470         0.379775         1.4          2027     30       104      0        4        0                                                                                                                                        
                                                                  56.498110       -18.460000      0.173808         0.006533         0.177240         0.005470         0.363051         1.4          2027     30       97       0        4        0                                                                                                                                        
                                                                  60.000000       -18.460000      0.168256         0.001771         0.192494         0.005470         0.367991         1.4          2027     30       100      0        4        0                                                                                                                                        
                                                                  63.501890       -18.460000      0.163493         0.001855         0.210796         0.005470         0.381613         1.4          2027     30       103      0        4        0                                                                                                                                        
                                                                  56.558970       -15.140000      0.183333         0.002490         0.181705         0.005470         0.372999         1.4          2027     30       99       0        4        0                                                                                                                                        
                                                                  60.000000       -15.140000      0.177375         0.002460         0.197293         0.005470         0.382598         1.4          2027     30       102      0        4        0                                                                                                                                        
                                                                  63.441030       -15.140000      0.172272         0.002936         0.216887         0.005470         0.397564         1.4          2027     30       105      0        4        0                                                                                                                                        