# \Rows = 155
# \Cols = 13
# \Coordinate system = equ
# \Equinox = J2000
# \Coordinate format = degree
# \objname is name or coordinates
# \ra is right ascension in degrees J2000
# \dec is declination in degrees J2000
# \zody is zodiacal light, unit = MJy/sr; it is median in viewing zone if ido_view = 1
# \ism is interstellar light, unit = MJy/sr
# \stars is stellar light, unit = MJy/sr
# \cib is cosmic infrared background, unit = MJy/sr
# \totbg is total background, unit = MJy/sr
# \wavelength in microns
# \year
# \day is day of year, or -999 if ido_view = 1
# \selon is solar elongation in deg, or -999 if ido_view = 1
# \obsloc is observing location, 0=L2, 3=Earth orbit
# \obsver is code version
# \ido_view if 1 then use median zodiacal in view range
# |objname                                                         |ra             |dec            |zody            |ism             |stars           |cib             |totbg           |wavelength  |year    |day     |selon   |obsloc  |obsver  |ido_view|errmsg                                                                                                                          |
# |char                                                            |double         |double         |double          |double          |double          |double          |double          |float       |char    |char    |int     |char    |char    |char    |char                                                                                                                            |
# |                                                                |deg            |deg            |MJy/sr          |MJy/sr          |MJy/sr          |MJy/sr          |MJy/sr          |microns     |        |        |deg     |        |        |        |                                                                                                                                |
                                                                  39.316320       -84.860000      0.140782         0.006324         0.477601         0.005470         0.630177         1.4          2027     180      110      0        4        0                                                                                                                                        
                                                                  80.683680       -84.860000      0.140598         0.009065         0.550012         0.005470         0.705145         1.4          2027     180      108      0        4        0                                                                                                                                        
                                                                  36.532830       -81.540000      0.140777         0.005164         0.403864         0.005470         0.555275         1.4          2027     180      109      0        4        0                                                                                                                                        
                                                                  60.000000       -81.540000      0.136952         0.004112         0.442131         0.005470         0.588665         1.4          2027     180      106      0        4        0                                                                                                                                        
                                                                  83.467170       -81.540000      0.136979         0.008612         0.517241         0.005470         0.668302         1.4          2027     180      105      0        4        0                                                                                                                                        
                                                                  35.115910       -78.220000      0.141084         0.003659         0.347705         0.005470         0.497919         1.4          2027     180      107      0        4        0                                                                                                                                        
                                                                  51.705300       -78.220000      0.137289         0.009434         0.372481         0.005470         0.524674         1.4          2027     180      105      0        4        0                                                                                                                                        
                                                                  68.294700       -78.220000      0.137314         0.004601         0.418598         0.005470         0.565984         1.4          2027     180      103      0        4        0                                                                                                                                        
                                                                  84.884090       -78.220000      0.132816         0.010583         0.491254         0.005470         0.640123         1.4          2027     180      102      0        4        0                                                                                                                                        
                                                                  34.202690       -74.900000      0.141716         0.002321         0.303825         0.005470         0.453332         1.4          2027     180      106      0        4        0                                                                                                                                        
                                                                  47.101350       -74.900000      0.138014         0.004112         0.321533         0.005470         0.469129         1.4          2027     180      103      0        4        0                                                                                                                                        
                                                                  60.000000       -74.900000      0.138109         0.008001         0.352672         0.005470         0.504252         1.4          2027     180      101      0        4        0                                                                                                                                        
                                                                  72.898650       -74.900000      0.133457         0.006662         0.400446         0.005470         0.546035         1.4          2027     180      99       0        4        0                                                                                                                                        
                                                                  85.797310       -74.900000      0.133675         0.006196         0.470376         0.005470         0.615718         1.4          2027     180      98       0        4        0                                                                                                                                        
                                                                  33.521010       -71.580000      0.142695         0.001778         0.268915         0.005470         0.418859         1.4          2027     180      104      0        4        0                                                                                                                                        
                                                                  44.112600       -71.580000      0.139134         0.001983         0.282246         0.005470         0.428833         1.4          2027     180      102      0        4        0                                                                                                                                        
                                                                  54.704200       -71.580000      0.134493         0.002175         0.304886         0.005470         0.447023         1.4          2027     180      99       0        4        0                                                                                                                                        
                                                                  65.295800       -71.580000      0.134618         0.007442         0.338284         0.005470         0.485814         1.4          2027     180      97       0        4        0                                                                                                                                        
                                                                  75.887400       -71.580000      0.134871         0.008273         0.386260         0.005470         0.534874         1.4          2027     180      96       0        4        0                                                                                                                                        
                                                                  86.478990       -71.580000      0.135174         0.009922         0.454292         0.005470         0.604857         1.4          2027     180      95       0        4        0                                                                                                                                        
                                                                  32.955670       -68.260000      0.144050         0.002109         0.241076         0.005470         0.392705         1.4          2027     180      103      0        4        0                                                                                                                                        
                                                                  41.970450       -68.260000      0.144343         0.002658         0.251473         0.005470         0.403945         1.4          2027     180      100      0        4        0                                                                                                                                        
                                                                  50.985220       -68.260000      0.136070         0.002517         0.268331         0.005470         0.412388         1.4          2027     180      98       0        4        0                                                                                                                                        
                                                                  60.000000       -68.260000      0.136268         0.006412         0.293095         0.005470         0.441244         1.4          2027     180      95       0        4        0                                                                                                                                        
                                                                  69.014780       -68.260000      0.136588         0.003600         0.327965         0.005470         0.473623         1.4          2027     180      94       0        4        0                                                                                                                                        
                                                                  78.029550       -68.260000      0.136955         0.028667         0.375815         0.005470         0.546906         1.4          2027     180      93       0        4        0                                                                                                                                        
                                                                  87.044330       -68.260000      0.137309         0.018989         0.442189         0.005470         0.603958         1.4          2027     180      92       0        4        0                                                                                                                                        
                                                                  32.448980       -64.940000      0.145818         0.001696         0.218698         0.005470         0.371682         1.4          2027     180      101      0        4        0                                                                                                                                        
                                                                  40.320700       -64.940000      0.146223         0.001554         0.227024         0.005470         0.380271         1.4          2027     180      98       0        4        0                                                                                                                                        
                                                                  48.192420       -64.940000      0.143065         0.002757         0.240245         0.005470         0.391537         1.4          2027     180      96       0        4        0                                                                                                                                        
                                                                  56.064140       -64.940000      0.138405         0.004378         0.258957         0.005470         0.407210         1.4          2027     180      94       0        4        0                                                                                                                                        
                                                                  63.935860       -64.940000      0.138801         0.002591         0.285022         0.005470         0.431884         1.4          2027     180      92       0        4        0                                                                                                                                        
                                                                  71.807580       -64.940000      0.139242         0.002099         0.320592         0.005470         0.467404         1.4          2027     180      90       0        4        0                                                                                                                                        
                                                                  79.679300       -64.940000      0.140189         0.003806         0.368800         0.005470         0.518265         1.4          2027     180      89       0        4        0                                                                                                                                        
                                                                  87.551020       -64.940000      0.140908         0.002758         0.433816         0.005470         0.582952         1.4          2027     180      88       0        4        0                                                                                                                                        
                                                                  31.968360       -61.620000      0.148040         0.002062         0.200234         0.005470         0.355806         1.4          2027     180      100      0        4        0                                                                                                                                        
                                                                  38.976270       -61.620000      0.148549         0.001384         0.207042         0.005470         0.362445         1.4          2027     180      97       0        4        0                                                                                                                                        
                                                                  45.984180       -61.620000      0.149339         0.001722         0.217312         0.005470         0.373843         1.4          2027     180      94       0        4        0                                                                                                                                        
                                                                  52.992090       -61.620000      0.141044         0.002872         0.232519         0.005470         0.381906         1.4          2027     180      92       0        4        0                                                                                                                                        
                                                                  60.000000       -61.620000      0.141507         0.002109         0.252525         0.005470         0.401612         1.4          2027     180      90       0        4        0                                                                                                                                        
                                                                  67.007910       -61.620000      0.142881         0.000941         0.279974         0.005470         0.429266         1.4          2027     180      88       0        4        0                                                                                                                                        
                                                                  74.015820       -61.620000      0.144363         0.001352         0.316212         0.005470         0.467397         1.4          2027     180      87       0        4        0                                                                                                                                        
                                                                  81.023730       -61.620000      0.145373         0.002361         0.364299         0.005470         0.517504         1.4          2027     180      86       0        4        0                                                                                                                                        
                                                                  88.031640       -61.620000      0.146379         0.002768         0.429445         0.005470         0.584062         1.4          2027     180      85       0        4        0                                                                                                                                        
                                                                  31.493700       -58.300000      0.150768         0.001293         0.184839         0.005470         0.342370         1.4          2027     180      98       0        4        0                                                                                                                                        
                                                                  37.828430       -58.300000      0.151368         0.001768         0.190502         0.005470         0.349108         1.4          2027     180      95       0        4        0                                                                                                                                        
                                                                  44.163160       -58.300000      0.152242         0.001078         0.199292         0.005470         0.358082         1.4          2027     180      93       0        4        0                                                                                                                                        
                                                                  50.497900       -58.300000      0.153297         0.001599         0.211332         0.005470         0.371699         1.4          2027     180      90       0        4        0                                                                                                                                        
                                                                  56.832630       -58.300000      0.145596         0.001918         0.227367         0.005470         0.380351         1.4          2027     180      88       0        4        0                                                                                                                                        
                                                                  63.167370       -58.300000      0.147649         0.001159         0.248838         0.005470         0.403116         1.4          2027     180      86       0        4        0                                                                                                                                        
                                                                  69.502100       -58.300000      0.148918         0.000521         0.277238         0.005470         0.432147         1.4          2027     180      85       0        4        0                                                                                                                                        
                                                                  75.836840       -58.300000      0.150274         0.001519         0.314299         0.005470         0.471562         1.4          2027     180      83       0        4        0                                                                                                                                        
                                                                  82.171570       -58.300000      0.151645         0.002047         0.363063         0.005470         0.522225         1.4          2027     180      82       0        4        0                                                                                                                                        
                                                                  88.506300       -58.300000      0.152200         0.003868         0.428327         0.005470         0.589865         1.4          2027     180      82       0        4        0                                                                                                                                        
                                                                  31.011470       -54.980000      0.154062         0.001404         0.172279         0.005470         0.333215         1.4          2027     180      96       0        4        0                                                                                                                                        
                                                                  36.809180       -54.980000      0.154740         0.001467         0.177055         0.005470         0.338732         1.4          2027     180      94       0        4        0                                                                                                                                        
                                                                  42.606880       -54.980000      0.155672         0.001398         0.184444         0.005470         0.346984         1.4          2027     180      91       0        4        0                                                                                                                                        
                                                                  48.404590       -54.980000      0.157642         0.000785         0.194052         0.005470         0.357949         1.4          2027     180      89       0        4        0                                                                                                                                        
                                                                  54.202290       -54.980000      0.154199         0.000860         0.207604         0.005470         0.368132         1.4          2027     180      86       0        4        0                                                                                                                                        
                                                                  60.000000       -54.980000      0.152201         0.000858         0.224709         0.005470         0.383237         1.4          2027     180      84       0        4        0                                                                                                                                        
                                                                  65.797710       -54.980000      0.153753         0.000384         0.247618         0.005470         0.407225         1.4          2027     180      83       0        4        0                                                                                                                                        
                                                                  71.595410       -54.980000      0.155441         0.000619         0.276690         0.005470         0.438220         1.4          2027     180      81       0        4        0                                                                                                                                        
                                                                  77.393120       -54.980000      0.157191         0.001343         0.314852         0.005470         0.478855         1.4          2027     180      80       0        4        0                                                                                                                                        
                                                                  83.190820       -54.980000      0.158942         0.002578         0.364797         0.005470         0.531787         1.4          2027     180      79       0        4        0                                                                                                                                        
                                                                  88.988530       -54.980000      0.159632         0.004820         0.431385         0.005470         0.601307         1.4          2027     180      79       0        4        0                                                                                                                                        
                                                                  30.511950       -51.660000      0.157995         0.000906         0.162085         0.005470         0.326456         1.4          2027     180      95       0        4        0                                                                                                                                        
                                                                  35.873410       -51.660000      0.158731         0.001801         0.165772         0.005470         0.331775         1.4          2027     180      92       0        4        0                                                                                                                                        
                                                                  41.234880       -51.660000      0.159943         0.001531         0.172085         0.005470         0.339028         1.4          2027     180      90       0        4        0                                                                                                                                        
                                                                  46.596340       -51.660000      0.162648         0.001124         0.180153         0.005470         0.349395         1.4          2027     180      87       0        4        0                                                                                                                                        
                                                                  51.957800       -51.660000      0.165349         0.000771         0.191573         0.005470         0.363163         1.4          2027     180      85       0        4        0                                                                                                                                        
                                                                  57.319270       -51.660000      0.161669         0.000696         0.205766         0.005470         0.373601         1.4          2027     180      83       0        4        0                                                                                                                                        
                                                                  62.680730       -51.660000      0.160214         0.000976         0.224325         0.005470         0.390985         1.4          2027     180      81       0        4        0                                                                                                                                        
                                                                  68.042200       -51.660000      0.162396         0.000601         0.247991         0.005470         0.416457         1.4          2027     180      79       0        4        0                                                                                                                                        
                                                                  73.403660       -51.660000      0.163738         0.000577         0.278726         0.005470         0.448511         1.4          2027     180      78       0        4        0                                                                                                                                        
                                                                  78.765120       -51.660000      0.165548         0.000989         0.318366         0.005470         0.490373         1.4          2027     180      77       0        4        0                                                                                                                                        
                                                                  84.126590       -51.660000      0.166639         0.002125         0.370092         0.005470         0.544326         1.4          2027     180      76       0        4        0                                                                                                                                        
                                                                  89.488050       -51.660000      0.167472         0.003238         0.438923         0.005470         0.615103         1.4          2027     180      75       0        4        0                                                                                                                                        
                                                                  32.488610       -48.340000      0.163012         0.001064         0.154893         0.005470         0.324439         1.4          2027     180      92       0        4        0                                                                                                                                        
                                                                  37.490680       -48.340000      0.164142         0.000897         0.159167         0.005470         0.329676         1.4          2027     180      89       0        4        0                                                                                                                                        
                                                                  42.492750       -48.340000      0.166790         0.001901         0.165112         0.005470         0.339273         1.4          2027     180      87       0        4        0                                                                                                                                        
                                                                  47.494820       -48.340000      0.169470         0.001171         0.173405         0.005470         0.349516         1.4          2027     180      84       0        4        0                                                                                                                                        
                                                                  52.496890       -48.340000      0.172554         0.000539         0.184048         0.005470         0.362612         1.4          2027     180      82       0        4        0                                                                                                                                        
                                                                  57.498960       -48.340000      0.169289         0.000431         0.197581         0.005470         0.372771         1.4          2027     180      80       0        4        0                                                                                                                                        
                                                                  62.501040       -48.340000      0.172021         0.000781         0.215130         0.005470         0.393401         1.4          2027     180      78       0        4        0                                                                                                                                        
                                                                  67.503110       -48.340000      0.170066         0.000750         0.237315         0.005470         0.413601         1.4          2027     180      76       0        4        0                                                                                                                                        
                                                                  72.505180       -48.340000      0.172336         0.000947         0.265927         0.005470         0.444681         1.4          2027     180      75       0        4        0                                                                                                                                        
                                                                  77.507250       -48.340000      0.173982         0.000628         0.302153         0.005470         0.482233         1.4          2027     180      74       0        4        0                                                                                                                                        
                                                                  82.509320       -48.340000      0.175426         0.001884         0.349564         0.005470         0.532344         1.4          2027     180      73       0        4        0                                                                                                                                        
                                                                  87.511390       -48.340000      0.177074         0.004296         0.412202         0.005470         0.599042         1.4          2027     180      72       0        4        0                                                                                                                                        
                                                                  36.486220       -45.020000      0.170704         0.000997         0.151185         0.005470         0.328356         1.4          2027     180      88       0        4        0                                                                                                                                        
                                                                  41.188980       -45.020000      0.173071         0.001218         0.156336         0.005470         0.336096         1.4          2027     180      85       0        4        0                                                                                                                                        
                                                                  45.891730       -45.020000      0.175844         0.001024         0.163546         0.005470         0.345884         1.4          2027     180      83       0        4        0                                                                                                                                        
                                                                  50.594490       -45.020000      0.179303         0.001017         0.172742         0.005470         0.358532         1.4          2027     180      80       0        4        0                                                                                                                                        
                                                                  55.297240       -45.020000      0.182526         0.000593         0.184351         0.005470         0.372940         1.4          2027     180      78       0        4        0                                                                                                                                        
                                                                  60.000000       -45.020000      0.186180         0.000313         0.198956         0.005470         0.390919         1.4          2027     180      76       0        4        0                                                                                                                                        
                                                                  64.702760       -45.020000      0.182326         0.000850         0.217735         0.005470         0.406382         1.4          2027     180      74       0        4        0                                                                                                                                        
                                                                  69.405510       -45.020000      0.184775         0.000583         0.241379         0.005470         0.432207         1.4          2027     180      73       0        4        0                                                                                                                                        
                                                                  74.108270       -45.020000      0.187664         0.000836         0.271775         0.005470         0.465745         1.4          2027     180      71       0        4        0                                                                                                                                        
                                                                  78.811020       -45.020000      0.184960         0.001592         0.310252         0.005470         0.502274         1.4          2027     180      70       0        4        0                                                                                                                                        
                                                                  83.513780       -45.020000      0.187142         0.002084         0.360587         0.005470         0.555283         1.4          2027     180      69       0        4        0                                                                                                                                        
                                                                  39.968550       -41.700000      0.180854         0.001071         0.149000         0.005470         0.336395         1.4          2027     180      84       0        4        0                                                                                                                                        
                                                                  44.419980       -41.700000      0.183328         0.000651         0.155354         0.005470         0.344803         1.4          2027     180      81       0        4        0                                                                                                                                        
                                                                  48.871420       -41.700000      0.187198         0.000744         0.163417         0.005470         0.356829         1.4          2027     180      79       0        4        0                                                                                                                                        
                                                                  53.322850       -41.700000      0.190872         0.000632         0.173538         0.005470         0.370512         1.4          2027     180      77       0        4        0                                                                                                                                        
                                                                  57.774280       -41.700000      0.194523         0.000649         0.186187         0.005470         0.386829         1.4          2027     180      75       0        4        0                                                                                                                                        
                                                                  62.225720       -41.700000      0.198388         0.000648         0.202385         0.005470         0.406891         1.4          2027     180      73       0        4        0                                                                                                                                        
                                                                  66.677150       -41.700000      0.194207         0.001425         0.222600         0.005470         0.423703         1.4          2027     180      71       0        4        0                                                                                                                                        
                                                                  71.128580       -41.700000      0.197638         0.000863         0.248009         0.005470         0.451980         1.4          2027     180      69       0        4        0                                                                                                                                        
                                                                  75.580020       -41.700000      0.200434         0.001064         0.280242         0.005470         0.487210         1.4          2027     180      68       0        4        0                                                                                                                                        
                                                                  80.031450       -41.700000      0.203414         0.001218         0.321984         0.005470         0.532087         1.4          2027     180      67       0        4        0                                                                                                                                        
                                                                  43.043240       -38.380000      0.192102         0.001229         0.148545         0.005470         0.347346         1.4          2027     180      80       0        4        0                                                                                                                                        
                                                                  47.282430       -38.380000      0.195479         0.001203         0.155708         0.005470         0.357860         1.4          2027     180      77       0        4        0                                                                                                                                        
                                                                  51.521620       -38.380000      0.199500         0.001081         0.164659         0.005470         0.370711         1.4          2027     180      75       0        4        0                                                                                                                                        
                                                                  55.760810       -38.380000      0.203596         0.000549         0.175787         0.005470         0.385402         1.4          2027     180      73       0        4        0                                                                                                                                        
                                                                  60.000000       -38.380000      0.207985         0.000289         0.189998         0.005470         0.403743         1.4          2027     180      71       0        4        0                                                                                                                                        
                                                                  64.239190       -38.380000      0.212521         0.001518         0.207212         0.005470         0.426721         1.4          2027     180      69       0        4        0                                                                                                                                        
                                                                  68.478380       -38.380000      0.217065         0.001188         0.229152         0.005470         0.452875         1.4          2027     180      67       0        4        0                                                                                                                                        
                                                                  72.717570       -38.380000      0.212521         0.001036         0.256730         0.005470         0.475757         1.4          2027     180      66       0        4        0                                                                                                                                        
                                                                  76.956760       -38.380000      0.215776         0.001505         0.292142         0.005470         0.514892         1.4          2027     180      65       0        4        0                                                                                                                                        
                                                                  45.792350       -35.060000      0.213078         0.001264         0.149349         0.005470         0.369161         1.4          2027     180      76       0        4        0                                                                                                                                        
                                                                  49.851680       -35.060000      0.210254         0.001016         0.157370         0.005470         0.374109         1.4          2027     180      74       0        4        0                                                                                                                                        
                                                                  53.911010       -35.060000      0.214793         0.000870         0.167298         0.005470         0.388432         1.4          2027     180      71       0        4        0                                                                                                                                        
                                                                  57.970340       -35.060000      0.219686         0.000646         0.179958         0.005470         0.405760         1.4          2027     180      69       0        4        0                                                                                                                                        
                                                                  62.029660       -35.060000      0.224813         0.000559         0.195150         0.005470         0.425992         1.4          2027     180      67       0        4        0                                                                                                                                        
                                                                  66.088990       -35.060000      0.229569         0.001754         0.214433         0.005470         0.451225         1.4          2027     180      65       0        4        0                                                                                                                                        
                                                                  70.148320       -35.060000      0.234796         0.002147         0.238478         0.005470         0.480892         1.4          2027     180      64       0        4        0                                                                                                                                        
                                                                  74.207650       -35.060000      0.239380         0.001601         0.268752         0.005470         0.515204         1.4          2027     180      62       0        4        0                                                                                                                                        
                                                                  48.279790       -31.740000      0.230414         0.000892         0.151806         0.005470         0.388582         1.4          2027     180      72       0        4        0                                                                                                                                        
                                                                  52.186530       -31.740000      0.227821         0.000969         0.160779         0.005470         0.395039         1.4          2027     180      70       0        4        0                                                                                                                                        
                                                                  56.093260       -31.740000      0.232704         0.000413         0.171824         0.005470         0.410411         1.4          2027     180      68       0        4        0                                                                                                                                        
                                                                  60.000000       -31.740000      0.238517         0.000462         0.185822         0.005470         0.430271         1.4          2027     180      66       0        4        0                                                                                                                                        
                                                                  63.906740       -31.740000      0.244529         0.001902         0.202653         0.005470         0.454554         1.4          2027     180      64       0        4        0                                                                                                                                        
                                                                  67.813470       -31.740000      0.250128         0.001315         0.223983         0.005470         0.480896         1.4          2027     180      62       0        4        0                                                                                                                                        
                                                                  71.720210       -31.740000      0.256140         0.001176         0.250637         0.005470         0.513423         1.4          2027     180      60       0        4        0                                                                                                                                        
                                                                  50.556350       -28.420000      0.250331         0.000875         0.155599         0.005470         0.412275         1.4          2027     180      69       0        4        0                                                                                                                                        
                                                                  54.333810       -28.420000      0.257362         0.000702         0.165668         0.005470         0.429202         1.4          2027     180      66       0        4        0                                                                                                                                        
                                                                  58.111270       -28.420000      0.255072         0.000519         0.178027         0.005470         0.439088         1.4          2027     180      64       0        4        0                                                                                                                                        
                                                                  61.888730       -28.420000      0.261384         0.001641         0.193631         0.005470         0.462126         1.4          2027     180      62       0        4        0                                                                                                                                        
                                                                  65.666190       -28.420000      0.268429         0.002034         0.212461         0.005470         0.488393         1.4          2027     180      60       0        4        0                                                                                                                                        
                                                                  69.443650       -28.420000      0.275009         0.001804         0.236324         0.005470         0.518607         1.4          2027     180      58       0        4        0                                                                                                                                        
                                                                  52.663160       -25.100000      0.280314         0.000865         0.160872         0.005470         0.447521         1.4          2027     180      65       0        4        0                                                                                                                                        
                                                                  56.331580       -25.100000      0.289375         0.000633         0.172238         0.005470         0.467716         1.4          2027     180      63       0        4        0                                                                                                                                        
                                                                  60.000000       -25.100000      0.291938         0.001479         0.186567         0.005470         0.485455         1.4          2027     180      60       0        4        0                                                                                                                                        
                                                                  63.668420       -25.100000      0.289278         0.002260         0.203745         0.005470         0.500753         1.4          2027     180      58       0        4        0                                                                                                                                        
                                                                  67.336840       -25.100000      0.297560         0.002427         0.225440         0.005470         0.530898         1.4          2027     180      56       0        4        0                                                                                                                                        
                                                                  54.634210       -21.780000      0.309746         0.001661         0.168240         0.005470         0.485117         1.4          2027     180      61       0        4        0                                                                                                                                        
                                                                  58.211400       -21.780000      0.320352         0.003092         0.181172         0.005470         0.510087         1.4          2027     180      59       0        4        0                                                                                                                                        
                                                                  61.788600       -21.780000      0.331479         0.002651         0.197053         0.005470         0.536653         1.4          2027     180      57       0        4        0                                                                                                                                        
                                                                  65.365790       -21.780000      0.342408         0.001314         0.217058         0.005470         0.566251         1.4          2027     180      55       0        4        0                                                                                                                                        
                                                                  56.498110       -18.460000      0.346241         0.006533         0.177240         0.005470         0.535484         1.4          2027     180      58       0        4        0                                                                                                                                        
                                                                  60.000000       -18.460000      0.358797         0.001771         0.192494         0.005470         0.558532         1.4          2027     180      55       0        4        0                                                                                                                                        
                                                                  63.501890       -18.460000      0.371859         0.001855         0.210796         0.005470         0.589980         1.4          2027     180      53       0        4        0                                                                                                                                        
                                                                  56.558970       -15.140000      0.397219         0.002490         0.181705         0.005470         0.586884         1.4          2027     180      55       0        4        0                                                                                                                                        
                                                                  60.000000       -15.140000      0.413738         0.002460         0.197293         0.005470         0.618962         1.4          2027     180      53       0        4        0                                                                                                                                        
                                                                  63.441030       -15.140000      0.414472         0.002936         0.216887         0.005470         0.639765         1.4          2027     180      51       0        4        0                                                                                                                                        