# \Rows = 155
# \Cols = 13
# \Coordinate system = equ
# \Equinox = J2000
# \Coordinate format = degree
# \objname is name or coordinates
# \ra is right ascension in degrees J2000
# \dec is declination in degrees J2000
# \zody is zodiacal light, unit = MJy/sr; it is median in viewing zone if ido_view = 1
# \ism is interstellar light, unit = MJy/sr
# \stars is stellar light, unit = MJy/sr
# \cib is cosmic infrared background, unit = MJy/sr
# \totbg is total background, unit = MJy/sr
# \wavelength in microns
# \year
# \day is day of year, or -999 if ido_view = 1
# \selon is solar elongation in deg, or -999 if ido_view = 1
# \obsloc is observing location, 0=L2, 3=Earth orbit
# \obsver is code version
# \ido_view if 1 then use median zodiacal in view range
# |objname                                                         |ra             |dec            |zody            |ism             |stars           |cib             |totbg           |wavelength  |year    |day     |selon   |obsloc  |obsver  |ido_view|errmsg                                                                                                                          |
# |char                                                            |double         |double         |double          |double          |double          |double          |double          |float       |char    |char    |int     |char    |char    |char    |char                                                                                                                            |
# |                                                                |deg            |deg            |MJy/sr          |MJy/sr          |MJy/sr          |MJy/sr          |MJy/sr          |microns     |        |        |deg     |        |        |        |                                                                                                                                |
                                                                  39.316320       -84.860000      0.122052         0.006324         0.477601         0.005470         0.611447         1.4          2027     90       89       0        4        0                                                                                                                                        
                                                                  80.683680       -84.860000      0.118581         0.009065         0.550012         0.005470         0.683129         1.4          2027     90       92       0        4        0                                                                                                                                        
                                                                  36.532830       -81.540000      0.125397         0.005164         0.403864         0.005470         0.539895         1.4          2027     90       86       0        4        0                                                                                                                                        
                                                                  60.000000       -81.540000      0.121286         0.004112         0.442131         0.005470         0.572999         1.4          2027     90       89       0        4        0                                                                                                                                        
                                                                  83.467170       -81.540000      0.117522         0.008612         0.517241         0.005470         0.648845         1.4          2027     90       92       0        4        0                                                                                                                                        
                                                                  35.115910       -78.220000      0.129729         0.003659         0.347705         0.005470         0.486564         1.4          2027     90       83       0        4        0                                                                                                                                        
                                                                  51.705300       -78.220000      0.125557         0.009434         0.372481         0.005470         0.512941         1.4          2027     90       85       0        4        0                                                                                                                                        
                                                                  68.294700       -78.220000      0.119414         0.004601         0.418598         0.005470         0.548084         1.4          2027     90       88       0        4        0                                                                                                                                        
                                                                  84.884090       -78.220000      0.115526         0.010583         0.491254         0.005470         0.622833         1.4          2027     90       91       0        4        0                                                                                                                                        
                                                                  34.202690       -74.900000      0.134721         0.002321         0.303825         0.005470         0.446337         1.4          2027     90       80       0        4        0                                                                                                                                        
                                                                  47.101350       -74.900000      0.130059         0.004112         0.321533         0.005470         0.461174         1.4          2027     90       82       0        4        0                                                                                                                                        
                                                                  60.000000       -74.900000      0.123646         0.008001         0.352672         0.005470         0.489789         1.4          2027     90       84       0        4        0                                                                                                                                        
                                                                  72.898650       -74.900000      0.119313         0.006662         0.400446         0.005470         0.531891         1.4          2027     90       87       0        4        0                                                                                                                                        
                                                                  85.797310       -74.900000      0.115057         0.006196         0.470376         0.005470         0.597099         1.4          2027     90       90       0        4        0                                                                                                                                        
                                                                  33.521010       -71.580000      0.139878         0.001778         0.268915         0.005470         0.416042         1.4          2027     90       77       0        4        0                                                                                                                                        
                                                                  44.112600       -71.580000      0.135532         0.001983         0.282246         0.005470         0.425232         1.4          2027     90       79       0        4        0                                                                                                                                        
                                                                  54.704200       -71.580000      0.128587         0.002175         0.304886         0.005470         0.441118         1.4          2027     90       81       0        4        0                                                                                                                                        
                                                                  65.295800       -71.580000      0.124064         0.007442         0.338284         0.005470         0.475260         1.4          2027     90       84       0        4        0                                                                                                                                        
                                                                  75.887400       -71.580000      0.119102         0.008273         0.386260         0.005470         0.519104         1.4          2027     90       87       0        4        0                                                                                                                                        
                                                                  86.478990       -71.580000      0.114945         0.009922         0.454292         0.005470         0.584628         1.4          2027     90       90       0        4        0                                                                                                                                        
                                                                  32.955670       -68.260000      0.146747         0.002109         0.241076         0.005470         0.395402         1.4          2027     90       74       0        4        0                                                                                                                                        
                                                                  41.970450       -68.260000      0.141357         0.002658         0.251473         0.005470         0.400959         1.4          2027     90       76       0        4        0                                                                                                                                        
                                                                  50.985220       -68.260000      0.134593         0.002517         0.268331         0.005470         0.410911         1.4          2027     90       78       0        4        0                                                                                                                                        
                                                                  60.000000       -68.260000      0.129576         0.006412         0.293095         0.005470         0.434553         1.4          2027     90       80       0        4        0                                                                                                                                        
                                                                  69.014780       -68.260000      0.124179         0.003600         0.327965         0.005470         0.461214         1.4          2027     90       83       0        4        0                                                                                                                                        
                                                                  78.029550       -68.260000      0.119704         0.028667         0.375815         0.005470         0.529655         1.4          2027     90       86       0        4        0                                                                                                                                        
                                                                  87.044330       -68.260000      0.115467         0.018989         0.442189         0.005470         0.582116         1.4          2027     90       89       0        4        0                                                                                                                                        
                                                                  32.448980       -64.940000      0.154420         0.001696         0.218698         0.005470         0.380284         1.4          2027     90       71       0        4        0                                                                                                                                        
                                                                  40.320700       -64.940000      0.148433         0.001554         0.227024         0.005470         0.382481         1.4          2027     90       73       0        4        0                                                                                                                                        
                                                                  48.192420       -64.940000      0.142978         0.002757         0.240245         0.005470         0.391450         1.4          2027     90       75       0        4        0                                                                                                                                        
                                                                  56.064140       -64.940000      0.135850         0.004378         0.258957         0.005470         0.404656         1.4          2027     90       77       0        4        0                                                                                                                                        
                                                                  63.935860       -64.940000      0.130102         0.002591         0.285022         0.005470         0.423185         1.4          2027     90       80       0        4        0                                                                                                                                        
                                                                  71.807580       -64.940000      0.125306         0.002099         0.320592         0.005470         0.453467         1.4          2027     90       83       0        4        0                                                                                                                                        
                                                                  79.679300       -64.940000      0.120087         0.003806         0.368800         0.005470         0.498163         1.4          2027     90       86       0        4        0                                                                                                                                        
                                                                  87.551020       -64.940000      0.116131         0.002758         0.433816         0.005470         0.558175         1.4          2027     90       89       0        4        0                                                                                                                                        
                                                                  31.968360       -61.620000      0.163635         0.002062         0.200234         0.005470         0.371401         1.4          2027     90       68       0        4        0                                                                                                                                        
                                                                  38.976270       -61.620000      0.157421         0.001384         0.207042         0.005470         0.371317         1.4          2027     90       69       0        4        0                                                                                                                                        
                                                                  45.984180       -61.620000      0.150750         0.001722         0.217312         0.005470         0.375254         1.4          2027     90       71       0        4        0                                                                                                                                        
                                                                  52.992090       -61.620000      0.144317         0.002872         0.232519         0.005470         0.385179         1.4          2027     90       74       0        4        0                                                                                                                                        
                                                                  60.000000       -61.620000      0.136865         0.002109         0.252525         0.005470         0.396969         1.4          2027     90       76       0        4        0                                                                                                                                        
                                                                  67.007910       -61.620000      0.131481         0.000941         0.279974         0.005470         0.417866         1.4          2027     90       79       0        4        0                                                                                                                                        
                                                                  74.015820       -61.620000      0.126030         0.001352         0.316212         0.005470         0.449064         1.4          2027     90       82       0        4        0                                                                                                                                        
                                                                  81.023730       -61.620000      0.121330         0.002361         0.364299         0.005470         0.493461         1.4          2027     90       85       0        4        0                                                                                                                                        
                                                                  88.031640       -61.620000      0.117141         0.002768         0.429445         0.005470         0.554824         1.4          2027     90       88       0        4        0                                                                                                                                        
                                                                  31.493700       -58.300000      0.174646         0.001293         0.184839         0.005470         0.366248         1.4          2027     90       65       0        4        0                                                                                                                                        
                                                                  37.828430       -58.300000      0.167575         0.001768         0.190502         0.005470         0.365314         1.4          2027     90       66       0        4        0                                                                                                                                        
                                                                  44.163160       -58.300000      0.160052         0.001078         0.199292         0.005470         0.365892         1.4          2027     90       68       0        4        0                                                                                                                                        
                                                                  50.497900       -58.300000      0.152764         0.001599         0.211332         0.005470         0.371166         1.4          2027     90       71       0        4        0                                                                                                                                        
                                                                  56.832630       -58.300000      0.145904         0.001918         0.227367         0.005470         0.380659         1.4          2027     90       73       0        4        0                                                                                                                                        
                                                                  63.167370       -58.300000      0.138166         0.001159         0.248838         0.005470         0.393632         1.4          2027     90       76       0        4        0                                                                                                                                        
                                                                  69.502100       -58.300000      0.132608         0.000521         0.277238         0.005470         0.415837         1.4          2027     90       79       0        4        0                                                                                                                                        
                                                                  75.836840       -58.300000      0.127044         0.001519         0.314299         0.005470         0.448333         1.4          2027     90       82       0        4        0                                                                                                                                        
                                                                  82.171570       -58.300000      0.122280         0.002047         0.363063         0.005470         0.492861         1.4          2027     90       85       0        4        0                                                                                                                                        
                                                                  88.506300       -58.300000      0.118055         0.003868         0.428327         0.005470         0.555721         1.4          2027     90       88       0        4        0                                                                                                                                        
                                                                  31.011470       -54.980000      0.187777         0.001404         0.172279         0.005470         0.366930         1.4          2027     90       62       0        4        0                                                                                                                                        
                                                                  36.809180       -54.980000      0.179673         0.001467         0.177055         0.005470         0.363666         1.4          2027     90       63       0        4        0                                                                                                                                        
                                                                  42.606880       -54.980000      0.171135         0.001398         0.184444         0.005470         0.362447         1.4          2027     90       65       0        4        0                                                                                                                                        
                                                                  48.404590       -54.980000      0.162845         0.000785         0.194052         0.005470         0.363152         1.4          2027     90       67       0        4        0                                                                                                                                        
                                                                  54.202290       -54.980000      0.155488         0.000860         0.207604         0.005470         0.369422         1.4          2027     90       70       0        4        0                                                                                                                                        
                                                                  60.000000       -54.980000      0.148257         0.000858         0.224709         0.005470         0.379294         1.4          2027     90       72       0        4        0                                                                                                                                        
                                                                  65.797710       -54.980000      0.139756         0.000384         0.247618         0.005470         0.393228         1.4          2027     90       75       0        4        0                                                                                                                                        
                                                                  71.595410       -54.980000      0.134031         0.000619         0.276690         0.005470         0.416810         1.4          2027     90       78       0        4        0                                                                                                                                        
                                                                  77.393120       -54.980000      0.128350         0.001343         0.314852         0.005470         0.450015         1.4          2027     90       81       0        4        0                                                                                                                                        
                                                                  83.190820       -54.980000      0.123517         0.002578         0.364797         0.005470         0.496362         1.4          2027     90       84       0        4        0                                                                                                                                        
                                                                  88.988530       -54.980000      0.119250         0.004820         0.431385         0.005470         0.560925         1.4          2027     90       88       0        4        0                                                                                                                                        
                                                                  30.511950       -51.660000      0.203448         0.000906         0.162085         0.005470         0.371909         1.4          2027     90       59       0        4        0                                                                                                                                        
                                                                  35.873410       -51.660000      0.194085         0.001801         0.165772         0.005470         0.367129         1.4          2027     90       60       0        4        0                                                                                                                                        
                                                                  41.234880       -51.660000      0.184321         0.001531         0.172085         0.005470         0.363406         1.4          2027     90       62       0        4        0                                                                                                                                        
                                                                  46.596340       -51.660000      0.174838         0.001124         0.180153         0.005470         0.361585         1.4          2027     90       64       0        4        0                                                                                                                                        
                                                                  51.957800       -51.660000      0.166331         0.000771         0.191573         0.005470         0.364146         1.4          2027     90       67       0        4        0                                                                                                                                        
                                                                  57.319270       -51.660000      0.157989         0.000696         0.205766         0.005470         0.369920         1.4          2027     90       69       0        4        0                                                                                                                                        
                                                                  62.680730       -51.660000      0.150396         0.000976         0.224325         0.005470         0.381167         1.4          2027     90       72       0        4        0                                                                                                                                        
                                                                  68.042200       -51.660000      0.143627         0.000601         0.247991         0.005470         0.397689         1.4          2027     90       75       0        4        0                                                                                                                                        
                                                                  73.403660       -51.660000      0.137174         0.000577         0.278726         0.005470         0.421948         1.4          2027     90       78       0        4        0                                                                                                                                        
                                                                  78.765120       -51.660000      0.130753         0.000989         0.318366         0.005470         0.455578         1.4          2027     90       81       0        4        0                                                                                                                                        
                                                                  84.126590       -51.660000      0.125700         0.002125         0.370092         0.005470         0.503387         1.4          2027     90       84       0        4        0                                                                                                                                        
                                                                  89.488050       -51.660000      0.121184         0.003238         0.438923         0.005470         0.568815         1.4          2027     90       87       0        4        0                                                                                                                                        
                                                                  32.488610       -48.340000      0.216753         0.001064         0.154893         0.005470         0.378181         1.4          2027     90       56       0        4        0                                                                                                                                        
                                                                  37.490680       -48.340000      0.205395         0.000897         0.159167         0.005470         0.370928         1.4          2027     90       58       0        4        0                                                                                                                                        
                                                                  42.492750       -48.340000      0.194745         0.001901         0.165112         0.005470         0.367228         1.4          2027     90       60       0        4        0                                                                                                                                        
                                                                  47.494820       -48.340000      0.184089         0.001171         0.173405         0.005470         0.364135         1.4          2027     90       62       0        4        0                                                                                                                                        
                                                                  52.496890       -48.340000      0.174067         0.000539         0.184048         0.005470         0.364125         1.4          2027     90       65       0        4        0                                                                                                                                        
                                                                  57.498960       -48.340000      0.165309         0.000431         0.197581         0.005470         0.368792         1.4          2027     90       67       0        4        0                                                                                                                                        
                                                                  62.501040       -48.340000      0.156931         0.000781         0.215130         0.005470         0.378311         1.4          2027     90       70       0        4        0                                                                                                                                        
                                                                  67.503110       -48.340000      0.148944         0.000750         0.237315         0.005470         0.392480         1.4          2027     90       73       0        4        0                                                                                                                                        
                                                                  72.505180       -48.340000      0.142399         0.000947         0.265927         0.005470         0.414743         1.4          2027     90       76       0        4        0                                                                                                                                        
                                                                  77.507250       -48.340000      0.136794         0.000628         0.302153         0.005470         0.445045         1.4          2027     90       79       0        4        0                                                                                                                                        
                                                                  82.509320       -48.340000      0.131327         0.001884         0.349564         0.005470         0.488245         1.4          2027     90       82       0        4        0                                                                                                                                        
                                                                  87.511390       -48.340000      0.126743         0.004296         0.412202         0.005470         0.548711         1.4          2027     90       86       0        4        0                                                                                                                                        
                                                                  36.486220       -45.020000      0.225088         0.000997         0.151185         0.005470         0.382740         1.4          2027     90       55       0        4        0                                                                                                                                        
                                                                  41.188980       -45.020000      0.212625         0.001218         0.156336         0.005470         0.375649         1.4          2027     90       57       0        4        0                                                                                                                                        
                                                                  45.891730       -45.020000      0.200257         0.001024         0.163546         0.005470         0.370297         1.4          2027     90       59       0        4        0                                                                                                                                        
                                                                  50.594490       -45.020000      0.188630         0.001017         0.172742         0.005470         0.367858         1.4          2027     90       62       0        4        0                                                                                                                                        
                                                                  55.297240       -45.020000      0.178381         0.000593         0.184351         0.005470         0.368795         1.4          2027     90       64       0        4        0                                                                                                                                        
                                                                  60.000000       -45.020000      0.168607         0.000313         0.198956         0.005470         0.373346         1.4          2027     90       67       0        4        0                                                                                                                                        
                                                                  64.702760       -45.020000      0.159841         0.000850         0.217735         0.005470         0.383896         1.4          2027     90       70       0        4        0                                                                                                                                        
                                                                  69.405510       -45.020000      0.152100         0.000583         0.241379         0.005470         0.399533         1.4          2027     90       73       0        4        0                                                                                                                                        
                                                                  74.108270       -45.020000      0.144826         0.000836         0.271775         0.005470         0.422907         1.4          2027     90       76       0        4        0                                                                                                                                        
                                                                  78.811020       -45.020000      0.139087         0.001592         0.310252         0.005470         0.456401         1.4          2027     90       79       0        4        0                                                                                                                                        
                                                                  83.513780       -45.020000      0.133524         0.002084         0.360587         0.005470         0.501665         1.4          2027     90       82       0        4        0                                                                                                                                        
                                                                  39.968550       -41.700000      0.233585         0.001071         0.149000         0.005470         0.389126         1.4          2027     90       54       0        4        0                                                                                                                                        
                                                                  44.419980       -41.700000      0.219591         0.000651         0.155354         0.005470         0.381066         1.4          2027     90       56       0        4        0                                                                                                                                        
                                                                  48.871420       -41.700000      0.206003         0.000744         0.163417         0.005470         0.375634         1.4          2027     90       58       0        4        0                                                                                                                                        
                                                                  53.322850       -41.700000      0.193445         0.000632         0.173538         0.005470         0.373085         1.4          2027     90       61       0        4        0                                                                                                                                        
                                                                  57.774280       -41.700000      0.182526         0.000649         0.186187         0.005470         0.374832         1.4          2027     90       64       0        4        0                                                                                                                                        
                                                                  62.225720       -41.700000      0.172238         0.000648         0.202385         0.005470         0.380742         1.4          2027     90       67       0        4        0                                                                                                                                        
                                                                  66.677150       -41.700000      0.163099         0.001425         0.222600         0.005470         0.392595         1.4          2027     90       70       0        4        0                                                                                                                                        
                                                                  71.128580       -41.700000      0.155091         0.000863         0.248009         0.005470         0.409433         1.4          2027     90       73       0        4        0                                                                                                                                        
                                                                  75.580020       -41.700000      0.147609         0.001064         0.280242         0.005470         0.434385         1.4          2027     90       76       0        4        0                                                                                                                                        
                                                                  80.031450       -41.700000      0.141739         0.001218         0.321984         0.005470         0.470411         1.4          2027     90       79       0        4        0                                                                                                                                        
                                                                  43.043240       -38.380000      0.242858         0.001229         0.148545         0.005470         0.398102         1.4          2027     90       53       0        4        0                                                                                                                                        
                                                                  47.282430       -38.380000      0.226831         0.001203         0.155708         0.005470         0.389212         1.4          2027     90       55       0        4        0                                                                                                                                        
                                                                  51.521620       -38.380000      0.212057         0.001081         0.164659         0.005470         0.383268         1.4          2027     90       58       0        4        0                                                                                                                                        
                                                                  55.760810       -38.380000      0.199142         0.000549         0.175787         0.005470         0.380948         1.4          2027     90       61       0        4        0                                                                                                                                        
                                                                  60.000000       -38.380000      0.187037         0.000289         0.189998         0.005470         0.382795         1.4          2027     90       63       0        4        0                                                                                                                                        
                                                                  64.239190       -38.380000      0.176251         0.001518         0.207212         0.005470         0.390451         1.4          2027     90       66       0        4        0                                                                                                                                        
                                                                  68.478380       -38.380000      0.166748         0.001188         0.229152         0.005470         0.402558         1.4          2027     90       69       0        4        0                                                                                                                                        
                                                                  72.717570       -38.380000      0.158477         0.001036         0.256730         0.005470         0.421713         1.4          2027     90       73       0        4        0                                                                                                                                        
                                                                  76.956760       -38.380000      0.150789         0.001505         0.292142         0.005470         0.449905         1.4          2027     90       76       0        4        0                                                                                                                                        
                                                                  45.792350       -35.060000      0.257553         0.001264         0.149349         0.005470         0.413636         1.4          2027     90       52       0        4        0                                                                                                                                        
                                                                  49.851680       -35.060000      0.234442         0.001016         0.157370         0.005470         0.398297         1.4          2027     90       55       0        4        0                                                                                                                                        
                                                                  53.911010       -35.060000      0.218507         0.000870         0.167298         0.005470         0.392145         1.4          2027     90       58       0        4        0                                                                                                                                        
                                                                  57.970340       -35.060000      0.204748         0.000646         0.179958         0.005470         0.390822         1.4          2027     90       60       0        4        0                                                                                                                                        
                                                                  62.029660       -35.060000      0.191982         0.000559         0.195150         0.005470         0.393162         1.4          2027     90       63       0        4        0                                                                                                                                        
                                                                  66.088990       -35.060000      0.180706         0.001754         0.214433         0.005470         0.402363         1.4          2027     90       66       0        4        0                                                                                                                                        
                                                                  70.148320       -35.060000      0.170843         0.002147         0.238478         0.005470         0.416939         1.4          2027     90       69       0        4        0                                                                                                                                        
                                                                  74.207650       -35.060000      0.162310         0.001601         0.268752         0.005470         0.438134         1.4          2027     90       73       0        4        0                                                                                                                                        
                                                                  48.279790       -31.740000      0.266952         0.000892         0.151806         0.005470         0.425120         1.4          2027     90       52       0        4        0                                                                                                                                        
                                                                  52.186530       -31.740000      0.247647         0.000969         0.160779         0.005470         0.414865         1.4          2027     90       55       0        4        0                                                                                                                                        
                                                                  56.093260       -31.740000      0.230303         0.000413         0.171824         0.005470         0.408010         1.4          2027     90       57       0        4        0                                                                                                                                        
                                                                  60.000000       -31.740000      0.215454         0.000462         0.185822         0.005470         0.407208         1.4          2027     90       60       0        4        0                                                                                                                                        
                                                                  63.906740       -31.740000      0.201777         0.001902         0.202653         0.005470         0.411802         1.4          2027     90       63       0        4        0                                                                                                                                        
                                                                  67.813470       -31.740000      0.189768         0.001315         0.223983         0.005470         0.420537         1.4          2027     90       66       0        4        0                                                                                                                                        
                                                                  71.720210       -31.740000      0.179315         0.001176         0.250637         0.005470         0.436598         1.4          2027     90       70       0        4        0                                                                                                                                        
                                                                  50.556350       -28.420000      0.276938         0.000875         0.155599         0.005470         0.438881         1.4          2027     90       52       0        4        0                                                                                                                                        
                                                                  54.333810       -28.420000      0.256108         0.000702         0.165668         0.005470         0.427948         1.4          2027     90       54       0        4        0                                                                                                                                        
                                                                  58.111270       -28.420000      0.237606         0.000519         0.178027         0.005470         0.421622         1.4          2027     90       57       0        4        0                                                                                                                                        
                                                                  61.888730       -28.420000      0.221920         0.001641         0.193631         0.005470         0.422662         1.4          2027     90       60       0        4        0                                                                                                                                        
                                                                  65.666190       -28.420000      0.207581         0.002034         0.212461         0.005470         0.427545         1.4          2027     90       64       0        4        0                                                                                                                                        
                                                                  69.443650       -28.420000      0.195078         0.001804         0.236324         0.005470         0.438676         1.4          2027     90       67       0        4        0                                                                                                                                        
                                                                  52.663160       -25.100000      0.287706         0.000865         0.160872         0.005470         0.454913         1.4          2027     90       52       0        4        0                                                                                                                                        
                                                                  56.331580       -25.100000      0.265324         0.000633         0.172238         0.005470         0.443665         1.4          2027     90       55       0        4        0                                                                                                                                        
                                                                  60.000000       -25.100000      0.245639         0.001479         0.186567         0.005470         0.439156         1.4          2027     90       58       0        4        0                                                                                                                                        
                                                                  63.668420       -25.100000      0.229098         0.002260         0.203745         0.005470         0.440574         1.4          2027     90       61       0        4        0                                                                                                                                        
                                                                  67.336840       -25.100000      0.214075         0.002427         0.225440         0.005470         0.447413         1.4          2027     90       64       0        4        0                                                                                                                                        
                                                                  54.634210       -21.780000      0.299487         0.001661         0.168240         0.005470         0.474858         1.4          2027     90       52       0        4        0                                                                                                                                        
                                                                  58.211400       -21.780000      0.275485         0.003092         0.181172         0.005470         0.465220         1.4          2027     90       55       0        4        0                                                                                                                                        
                                                                  61.788600       -21.780000      0.254565         0.002651         0.197053         0.005470         0.459738         1.4          2027     90       58       0        4        0                                                                                                                                        
                                                                  65.365790       -21.780000      0.236389         0.001314         0.217058         0.005470         0.460231         1.4          2027     90       61       0        4        0                                                                                                                                        
                                                                  56.498110       -18.460000      0.318323         0.006533         0.177240         0.005470         0.507566         1.4          2027     90       52       0        4        0                                                                                                                                        
                                                                  60.000000       -18.460000      0.292215         0.001771         0.192494         0.005470         0.491950         1.4          2027     90       55       0        4        0                                                                                                                                        
                                                                  63.501890       -18.460000      0.269613         0.001855         0.210796         0.005470         0.487733         1.4          2027     90       58       0        4        0                                                                                                                                        
                                                                  56.558970       -15.140000      0.349853         0.002490         0.181705         0.005470         0.539518         1.4          2027     90       51       0        4        0                                                                                                                                        
                                                                  60.000000       -15.140000      0.319647         0.002460         0.197293         0.005470         0.524870         1.4          2027     90       54       0        4        0                                                                                                                                        
                                                                  63.441030       -15.140000      0.291319         0.002936         0.216887         0.005470         0.516611         1.4          2027     90       57       0        4        0                                                                                                                                        