# \Rows = 155
# \Cols = 13
# \Coordinate system = equ
# \Equinox = J2000
# \Coordinate format = degree
# \objname is name or coordinates
# \ra is right ascension in degrees J2000
# \dec is declination in degrees J2000
# \zody is zodiacal light, unit = MJy/sr; it is median in viewing zone if ido_view = 1
# \ism is interstellar light, unit = MJy/sr
# \stars is stellar light, unit = MJy/sr
# \cib is cosmic infrared background, unit = MJy/sr
# \totbg is total background, unit = MJy/sr
# \wavelength in microns
# \year
# \day is day of year, or -999 if ido_view = 1
# \selon is solar elongation in deg, or -999 if ido_view = 1
# \obsloc is observing location, 0=L2, 3=Earth orbit
# \obsver is code version
# \ido_view if 1 then use median zodiacal in view range
# |objname                                                         |ra             |dec            |zody            |ism             |stars           |cib             |totbg           |wavelength  |year    |day     |selon   |obsloc  |obsver  |ido_view|errmsg                                                                                                                          |
# |char                                                            |double         |double         |double          |double          |double          |double          |double          |float       |char    |char    |int     |char    |char    |char    |char                                                                                                                            |
# |                                                                |deg            |deg            |MJy/sr          |MJy/sr          |MJy/sr          |MJy/sr          |MJy/sr          |microns     |        |        |deg     |        |        |        |                                                                                                                                |
                                                                  39.316320       -84.860000      0.122813         0.006324         0.477601         0.005470         0.612207         1.4          2027     120      99       0        4        0                                                                                                                                        
                                                                  80.683680       -84.860000      0.120971         0.009065         0.550012         0.005470         0.685519         1.4          2027     120      101      0        4        0                                                                                                                                        
                                                                  36.532830       -81.540000      0.124303         0.005164         0.403864         0.005470         0.538801         1.4          2027     120      96       0        4        0                                                                                                                                        
                                                                  60.000000       -81.540000      0.122453         0.004112         0.442131         0.005470         0.574165         1.4          2027     120      97       0        4        0                                                                                                                                        
                                                                  83.467170       -81.540000      0.120683         0.008612         0.517241         0.005470         0.652006         1.4          2027     120      99       0        4        0                                                                                                                                        
                                                                  35.115910       -78.220000      0.126430         0.003659         0.347705         0.005470         0.483264         1.4          2027     120      93       0        4        0                                                                                                                                        
                                                                  51.705300       -78.220000      0.124568         0.009434         0.372481         0.005470         0.511953         1.4          2027     120      93       0        4        0                                                                                                                                        
                                                                  68.294700       -78.220000      0.122613         0.004601         0.418598         0.005470         0.551282         1.4          2027     120      94       0        4        0                                                                                                                                        
                                                                  84.884090       -78.220000      0.120793         0.010583         0.491254         0.005470         0.628100         1.4          2027     120      96       0        4        0                                                                                                                                        
                                                                  34.202690       -74.900000      0.129379         0.002321         0.303825         0.005470         0.440995         1.4          2027     120      89       0        4        0                                                                                                                                        
                                                                  47.101350       -74.900000      0.127488         0.004112         0.321533         0.005470         0.458603         1.4          2027     120      90       0        4        0                                                                                                                                        
                                                                  60.000000       -74.900000      0.125244         0.008001         0.352672         0.005470         0.491387         1.4          2027     120      91       0        4        0                                                                                                                                        
                                                                  72.898650       -74.900000      0.123197         0.006662         0.400446         0.005470         0.535775         1.4          2027     120      92       0        4        0                                                                                                                                        
                                                                  85.797310       -74.900000      0.121292         0.006196         0.470376         0.005470         0.603335         1.4          2027     120      94       0        4        0                                                                                                                                        
                                                                  33.521010       -71.580000      0.134638         0.001778         0.268915         0.005470         0.410802         1.4          2027     120      86       0        4        0                                                                                                                                        
                                                                  44.112600       -71.580000      0.132695         0.001983         0.282246         0.005470         0.422394         1.4          2027     120      86       0        4        0                                                                                                                                        
                                                                  54.704200       -71.580000      0.126411         0.002175         0.304886         0.005470         0.438941         1.4          2027     120      87       0        4        0                                                                                                                                        
                                                                  65.295800       -71.580000      0.123372         0.007442         0.338284         0.005470         0.474568         1.4          2027     120      88       0        4        0                                                                                                                                        
                                                                  75.887400       -71.580000      0.120525         0.008273         0.386260         0.005470         0.520527         1.4          2027     120      90       0        4        0                                                                                                                                        
                                                                  86.478990       -71.580000      0.118626         0.009922         0.454292         0.005470         0.588309         1.4          2027     120      92       0        4        0                                                                                                                                        
                                                                  32.955670       -68.260000      0.140065         0.002109         0.241076         0.005470         0.388720         1.4          2027     120      83       0        4        0                                                                                                                                        
                                                                  41.970450       -68.260000      0.138044         0.002658         0.251473         0.005470         0.397646         1.4          2027     120      83       0        4        0                                                                                                                                        
                                                                  50.985220       -68.260000      0.131928         0.002517         0.268331         0.005470         0.408246         1.4          2027     120      83       0        4        0                                                                                                                                        
                                                                  60.000000       -68.260000      0.128926         0.006412         0.293095         0.005470         0.433903         1.4          2027     120      84       0        4        0                                                                                                                                        
                                                                  69.014780       -68.260000      0.126016         0.003600         0.327965         0.005470         0.463050         1.4          2027     120      86       0        4        0                                                                                                                                        
                                                                  78.029550       -68.260000      0.122911         0.028667         0.375815         0.005470         0.532862         1.4          2027     120      88       0        4        0                                                                                                                                        
                                                                  87.044330       -68.260000      0.119716         0.018989         0.442189         0.005470         0.586365         1.4          2027     120      90       0        4        0                                                                                                                                        
                                                                  32.448980       -64.940000      0.146887         0.001696         0.218698         0.005470         0.372751         1.4          2027     120      79       0        4        0                                                                                                                                        
                                                                  40.320700       -64.940000      0.144774         0.001554         0.227024         0.005470         0.378822         1.4          2027     120      79       0        4        0                                                                                                                                        
                                                                  48.192420       -64.940000      0.138354         0.002757         0.240245         0.005470         0.386826         1.4          2027     120      80       0        4        0                                                                                                                                        
                                                                  56.064140       -64.940000      0.135686         0.004378         0.258957         0.005470         0.404492         1.4          2027     120      81       0        4        0                                                                                                                                        
                                                                  63.935860       -64.940000      0.132248         0.002591         0.285022         0.005470         0.425331         1.4          2027     120      82       0        4        0                                                                                                                                        
                                                                  71.807580       -64.940000      0.128954         0.002099         0.320592         0.005470         0.457116         1.4          2027     120      84       0        4        0                                                                                                                                        
                                                                  79.679300       -64.940000      0.125389         0.003806         0.368800         0.005470         0.503464         1.4          2027     120      86       0        4        0                                                                                                                                        
                                                                  87.551020       -64.940000      0.122361         0.002758         0.433816         0.005470         0.564404         1.4          2027     120      88       0        4        0                                                                                                                                        
                                                                  31.968360       -61.620000      0.155074         0.002062         0.200234         0.005470         0.362840         1.4          2027     120      76       0        4        0                                                                                                                                        
                                                                  38.976270       -61.620000      0.152852         0.001384         0.207042         0.005470         0.366748         1.4          2027     120      76       0        4        0                                                                                                                                        
                                                                  45.984180       -61.620000      0.145816         0.001722         0.217312         0.005470         0.370320         1.4          2027     120      76       0        4        0                                                                                                                                        
                                                                  52.992090       -61.620000      0.142371         0.002872         0.232519         0.005470         0.383233         1.4          2027     120      77       0        4        0                                                                                                                                        
                                                                  60.000000       -61.620000      0.139284         0.002109         0.252525         0.005470         0.399389         1.4          2027     120      78       0        4        0                                                                                                                                        
                                                                  67.007910       -61.620000      0.135667         0.000941         0.279974         0.005470         0.422053         1.4          2027     120      80       0        4        0                                                                                                                                        
                                                                  74.015820       -61.620000      0.131964         0.001352         0.316212         0.005470         0.454999         1.4          2027     120      82       0        4        0                                                                                                                                        
                                                                  81.023730       -61.620000      0.128584         0.002361         0.364299         0.005470         0.500715         1.4          2027     120      84       0        4        0                                                                                                                                        
                                                                  88.031640       -61.620000      0.125074         0.002768         0.429445         0.005470         0.562757         1.4          2027     120      86       0        4        0                                                                                                                                        
                                                                  31.493700       -58.300000      0.164102         0.001293         0.184839         0.005470         0.355704         1.4          2027     120      73       0        4        0                                                                                                                                        
                                                                  37.828430       -58.300000      0.161739         0.001768         0.190502         0.005470         0.359478         1.4          2027     120      73       0        4        0                                                                                                                                        
                                                                  44.163160       -58.300000      0.158941         0.001078         0.199292         0.005470         0.364780         1.4          2027     120      73       0        4        0                                                                                                                                        
                                                                  50.497900       -58.300000      0.151093         0.001599         0.211332         0.005470         0.369495         1.4          2027     120      74       0        4        0                                                                                                                                        
                                                                  56.832630       -58.300000      0.147625         0.001918         0.227367         0.005470         0.382380         1.4          2027     120      75       0        4        0                                                                                                                                        
                                                                  63.167370       -58.300000      0.143577         0.001159         0.248838         0.005470         0.399044         1.4          2027     120      76       0        4        0                                                                                                                                        
                                                                  69.502100       -58.300000      0.139530         0.000521         0.277238         0.005470         0.422759         1.4          2027     120      78       0        4        0                                                                                                                                        
                                                                  75.836840       -58.300000      0.135634         0.001519         0.314299         0.005470         0.456923         1.4          2027     120      80       0        4        0                                                                                                                                        
                                                                  82.171570       -58.300000      0.131826         0.002047         0.363063         0.005470         0.502406         1.4          2027     120      82       0        4        0                                                                                                                                        
                                                                  88.506300       -58.300000      0.127888         0.003868         0.428327         0.005470         0.565554         1.4          2027     120      84       0        4        0                                                                                                                                        
                                                                  31.011470       -54.980000      0.175456         0.001404         0.172279         0.005470         0.354609         1.4          2027     120      70       0        4        0                                                                                                                                        
                                                                  36.809180       -54.980000      0.172917         0.001467         0.177055         0.005470         0.356910         1.4          2027     120      69       0        4        0                                                                                                                                        
                                                                  42.606880       -54.980000      0.169877         0.001398         0.184444         0.005470         0.361189         1.4          2027     120      70       0        4        0                                                                                                                                        
                                                                  48.404590       -54.980000      0.161085         0.000785         0.194052         0.005470         0.361392         1.4          2027     120      70       0        4        0                                                                                                                                        
                                                                  54.202290       -54.980000      0.157218         0.000860         0.207604         0.005470         0.371152         1.4          2027     120      71       0        4        0                                                                                                                                        
                                                                  60.000000       -54.980000      0.153154         0.000858         0.224709         0.005470         0.384190         1.4          2027     120      72       0        4        0                                                                                                                                        
                                                                  65.797710       -54.980000      0.148577         0.000384         0.247618         0.005470         0.402049         1.4          2027     120      74       0        4        0                                                                                                                                        
                                                                  71.595410       -54.980000      0.144052         0.000619         0.276690         0.005470         0.426831         1.4          2027     120      76       0        4        0                                                                                                                                        
                                                                  77.393120       -54.980000      0.139715         0.001343         0.314852         0.005470         0.461380         1.4          2027     120      78       0        4        0                                                                                                                                        
                                                                  83.190820       -54.980000      0.135704         0.002578         0.364797         0.005470         0.508549         1.4          2027     120      80       0        4        0                                                                                                                                        
                                                                  88.988530       -54.980000      0.131931         0.004820         0.431385         0.005470         0.573607         1.4          2027     120      82       0        4        0                                                                                                                                        
                                                                  30.511950       -51.660000      0.188549         0.000906         0.162085         0.005470         0.357010         1.4          2027     120      66       0        4        0                                                                                                                                        
                                                                  35.873410       -51.660000      0.185803         0.001801         0.165772         0.005470         0.358847         1.4          2027     120      66       0        4        0                                                                                                                                        
                                                                  41.234880       -51.660000      0.182484         0.001531         0.172085         0.005470         0.361570         1.4          2027     120      66       0        4        0                                                                                                                                        
                                                                  46.596340       -51.660000      0.178640         0.001124         0.180153         0.005470         0.365387         1.4          2027     120      67       0        4        0                                                                                                                                        
                                                                  51.957800       -51.660000      0.168826         0.000771         0.191573         0.005470         0.366641         1.4          2027     120      67       0        4        0                                                                                                                                        
                                                                  57.319270       -51.660000      0.164234         0.000696         0.205766         0.005470         0.376166         1.4          2027     120      69       0        4        0                                                                                                                                        
                                                                  62.680730       -51.660000      0.159494         0.000976         0.224325         0.005470         0.390265         1.4          2027     120      70       0        4        0                                                                                                                                        
                                                                  68.042200       -51.660000      0.154315         0.000601         0.247991         0.005470         0.408377         1.4          2027     120      72       0        4        0                                                                                                                                        
                                                                  73.403660       -51.660000      0.149251         0.000577         0.278726         0.005470         0.434024         1.4          2027     120      73       0        4        0                                                                                                                                        
                                                                  78.765120       -51.660000      0.144431         0.000989         0.318366         0.005470         0.469256         1.4          2027     120      76       0        4        0                                                                                                                                        
                                                                  84.126590       -51.660000      0.139974         0.002125         0.370092         0.005470         0.517661         1.4          2027     120      78       0        4        0                                                                                                                                        
                                                                  89.488050       -51.660000      0.135994         0.003238         0.438923         0.005470         0.583624         1.4          2027     120      80       0        4        0                                                                                                                                        
                                                                  32.488610       -48.340000      0.202856         0.001064         0.154893         0.005470         0.364284         1.4          2027     120      63       0        4        0                                                                                                                                        
                                                                  37.490680       -48.340000      0.199524         0.000897         0.159167         0.005470         0.365058         1.4          2027     120      63       0        4        0                                                                                                                                        
                                                                  42.492750       -48.340000      0.195555         0.001901         0.165112         0.005470         0.368038         1.4          2027     120      63       0        4        0                                                                                                                                        
                                                                  47.494820       -48.340000      0.191013         0.001171         0.173405         0.005470         0.371059         1.4          2027     120      64       0        4        0                                                                                                                                        
                                                                  52.496890       -48.340000      0.185582         0.000539         0.184048         0.005470         0.375640         1.4          2027     120      64       0        4        0                                                                                                                                        
                                                                  57.498960       -48.340000      0.174931         0.000431         0.197581         0.005470         0.378413         1.4          2027     120      66       0        4        0                                                                                                                                        
                                                                  62.501040       -48.340000      0.169447         0.000781         0.215130         0.005470         0.390828         1.4          2027     120      67       0        4        0                                                                                                                                        
                                                                  67.503110       -48.340000      0.163532         0.000750         0.237315         0.005470         0.407068         1.4          2027     120      69       0        4        0                                                                                                                                        
                                                                  72.505180       -48.340000      0.157736         0.000947         0.265927         0.005470         0.430080         1.4          2027     120      70       0        4        0                                                                                                                                        
                                                                  77.507250       -48.340000      0.152668         0.000628         0.302153         0.005470         0.460919         1.4          2027     120      73       0        4        0                                                                                                                                        
                                                                  82.509320       -48.340000      0.147521         0.001884         0.349564         0.005470         0.504440         1.4          2027     120      75       0        4        0                                                                                                                                        
                                                                  87.511390       -48.340000      0.142315         0.004296         0.412202         0.005470         0.564283         1.4          2027     120      77       0        4        0                                                                                                                                        
                                                                  36.486220       -45.020000      0.217929         0.000997         0.151185         0.005470         0.375581         1.4          2027     120      59       0        4        0                                                                                                                                        
                                                                  41.188980       -45.020000      0.213499         0.001218         0.156336         0.005470         0.376523         1.4          2027     120      60       0        4        0                                                                                                                                        
                                                                  45.891730       -45.020000      0.208399         0.001024         0.163546         0.005470         0.378439         1.4          2027     120      60       0        4        0                                                                                                                                        
                                                                  50.594490       -45.020000      0.202315         0.001017         0.172742         0.005470         0.381543         1.4          2027     120      61       0        4        0                                                                                                                                        
                                                                  55.297240       -45.020000      0.196215         0.000593         0.184351         0.005470         0.386629         1.4          2027     120      62       0        4        0                                                                                                                                        
                                                                  60.000000       -45.020000      0.189827         0.000313         0.198956         0.005470         0.394566         1.4          2027     120      63       0        4        0                                                                                                                                        
                                                                  64.702760       -45.020000      0.177559         0.000850         0.217735         0.005470         0.401614         1.4          2027     120      65       0        4        0                                                                                                                                        
                                                                  69.405510       -45.020000      0.171256         0.000583         0.241379         0.005470         0.418689         1.4          2027     120      67       0        4        0                                                                                                                                        
                                                                  74.108270       -45.020000      0.164737         0.000836         0.271775         0.005470         0.442818         1.4          2027     120      69       0        4        0                                                                                                                                        
                                                                  78.811020       -45.020000      0.158555         0.001592         0.310252         0.005470         0.475870         1.4          2027     120      71       0        4        0                                                                                                                                        
                                                                  83.513780       -45.020000      0.152819         0.002084         0.360587         0.005470         0.520961         1.4          2027     120      73       0        4        0                                                                                                                                        
                                                                  39.968550       -41.700000      0.235144         0.001071         0.149000         0.005470         0.390685         1.4          2027     120      56       0        4        0                                                                                                                                        
                                                                  44.419980       -41.700000      0.229360         0.000651         0.155354         0.005470         0.390835         1.4          2027     120      57       0        4        0                                                                                                                                        
                                                                  48.871420       -41.700000      0.222483         0.000744         0.163417         0.005470         0.392114         1.4          2027     120      57       0        4        0                                                                                                                                        
                                                                  53.322850       -41.700000      0.215488         0.000632         0.173538         0.005470         0.395128         1.4          2027     120      58       0        4        0                                                                                                                                        
                                                                  57.774280       -41.700000      0.208116         0.000649         0.186187         0.005470         0.400422         1.4          2027     120      60       0        4        0                                                                                                                                        
                                                                  62.225720       -41.700000      0.200119         0.000648         0.202385         0.005470         0.408622         1.4          2027     120      61       0        4        0                                                                                                                                        
                                                                  66.677150       -41.700000      0.192550         0.001425         0.222600         0.005470         0.422045         1.4          2027     120      63       0        4        0                                                                                                                                        
                                                                  71.128580       -41.700000      0.184685         0.000863         0.248009         0.005470         0.439027         1.4          2027     120      65       0        4        0                                                                                                                                        
                                                                  75.580020       -41.700000      0.172582         0.001064         0.280242         0.005470         0.459357         1.4          2027     120      67       0        4        0                                                                                                                                        
                                                                  80.031450       -41.700000      0.170460         0.001218         0.321984         0.005470         0.499132         1.4          2027     120      69       0        4        0                                                                                                                                        
                                                                  43.043240       -38.380000      0.254363         0.001229         0.148545         0.005470         0.409608         1.4          2027     120      53       0        4        0                                                                                                                                        
                                                                  47.282430       -38.380000      0.246924         0.001203         0.155708         0.005470         0.409304         1.4          2027     120      54       0        4        0                                                                                                                                        
                                                                  51.521620       -38.380000      0.238823         0.001081         0.164659         0.005470         0.410034         1.4          2027     120      55       0        4        0                                                                                                                                        
                                                                  55.760810       -38.380000      0.230248         0.000549         0.175787         0.005470         0.412054         1.4          2027     120      56       0        4        0                                                                                                                                        
                                                                  60.000000       -38.380000      0.221402         0.000289         0.189998         0.005470         0.417160         1.4          2027     120      57       0        4        0                                                                                                                                        
                                                                  64.239190       -38.380000      0.212067         0.001518         0.207212         0.005470         0.426267         1.4          2027     120      59       0        4        0                                                                                                                                        
                                                                  68.478380       -38.380000      0.203287         0.001188         0.229152         0.005470         0.439096         1.4          2027     120      61       0        4        0                                                                                                                                        
                                                                  72.717570       -38.380000      0.194359         0.001036         0.256730         0.005470         0.457595         1.4          2027     120      63       0        4        0                                                                                                                                        
                                                                  76.956760       -38.380000      0.185856         0.001505         0.292142         0.005470         0.484973         1.4          2027     120      65       0        4        0                                                                                                                                        
                                                                  45.792350       -35.060000      0.280531         0.001264         0.149349         0.005470         0.436614         1.4          2027     120      50       0        4        0                                                                                                                                        
                                                                  49.851680       -35.060000      0.267283         0.001016         0.157370         0.005470         0.431139         1.4          2027     120      51       0        4        0                                                                                                                                        
                                                                  53.911010       -35.060000      0.257205         0.000870         0.167298         0.005470         0.430843         1.4          2027     120      52       0        4        0                                                                                                                                        
                                                                  57.970340       -35.060000      0.246330         0.000646         0.179958         0.005470         0.432404         1.4          2027     120      54       0        4        0                                                                                                                                        
                                                                  62.029660       -35.060000      0.235787         0.000559         0.195150         0.005470         0.436967         1.4          2027     120      55       0        4        0                                                                                                                                        
                                                                  66.088990       -35.060000      0.225345         0.001754         0.214433         0.005470         0.447001         1.4          2027     120      57       0        4        0                                                                                                                                        
                                                                  70.148320       -35.060000      0.214751         0.002147         0.238478         0.005470         0.460847         1.4          2027     120      59       0        4        0                                                                                                                                        
                                                                  74.207650       -35.060000      0.204603         0.001601         0.268752         0.005470         0.480427         1.4          2027     120      61       0        4        0                                                                                                                                        
                                                                  48.279790       -31.740000      0.306042         0.000892         0.151806         0.005470         0.464210         1.4          2027     120      48       0        4        0                                                                                                                                        
                                                                  52.186530       -31.740000      0.293675         0.000969         0.160779         0.005470         0.460893         1.4          2027     120      49       0        4        0                                                                                                                                        
                                                                  56.093260       -31.740000      0.281299         0.000413         0.171824         0.005470         0.459006         1.4          2027     120      50       0        4        0                                                                                                                                        
                                                                  60.000000       -31.740000      0.264819         0.000462         0.185822         0.005470         0.456573         1.4          2027     120      51       0        4        0                                                                                                                                        
                                                                  63.906740       -31.740000      0.252294         0.001902         0.202653         0.005470         0.462319         1.4          2027     120      53       0        4        0                                                                                                                                        
                                                                  67.813470       -31.740000      0.239632         0.001315         0.223983         0.005470         0.470401         1.4          2027     120      55       0        4        0                                                                                                                                        
                                                                  71.720210       -31.740000      0.227968         0.001176         0.250637         0.005470         0.485252         1.4          2027     120      57       0        4        0                                                                                                                                        
                                                                  50.556350       -28.420000      0.334707         0.000875         0.155599         0.005470         0.496651         1.4          2027     120      45       0        4        0                                                                                                                                        
                                                                  54.333810       -28.420000      0.319695         0.000702         0.165668         0.005470         0.491534         1.4          2027     120      46       0        4        0                                                                                                                                        
                                                                  58.111270       -28.420000      0.304429         0.000519         0.178027         0.005470         0.488445         1.4          2027     120      48       0        4        0                                                                                                                                        
                                                                  61.888730       -28.420000      0.288739         0.001641         0.193631         0.005470         0.489481         1.4          2027     120      49       0        4        0                                                                                                                                        
                                                                  65.666190       -28.420000      0.273928         0.002034         0.212461         0.005470         0.493893         1.4          2027     120      51       0        4        0                                                                                                                                        
                                                                  69.443650       -28.420000      0.255498         0.001804         0.236324         0.005470         0.499097         1.4          2027     120      53       0        4        0                                                                                                                                        
                                                                  52.663160       -25.100000      0.377752         0.000865         0.160872         0.005470         0.544959         1.4          2027     120      43       0        4        0                                                                                                                                        
                                                                  56.331580       -25.100000      0.358182         0.000633         0.172238         0.005470         0.536523         1.4          2027     120      44       0        4        0                                                                                                                                        
                                                                  60.000000       -25.100000      0.329958         0.001479         0.186567         0.005470         0.523474         1.4          2027     120      46       0        4        0                                                                                                                                        
                                                                  63.668420       -25.100000      0.311724         0.002260         0.203745         0.005470         0.523200         1.4          2027     120      48       0        4        0                                                                                                                                        
                                                                  67.336840       -25.100000      0.293690         0.002427         0.225440         0.005470         0.527027         1.4          2027     120      50       0        4        0                                                                                                                                        
                                                                  54.634210       -21.780000      0.415359         0.001661         0.168240         0.005470         0.590729         1.4          2027     120      40       0        4        0                                                                                                                                        
                                                                  58.211400       -21.780000      0.391574         0.003092         0.181172         0.005470         0.581308         1.4          2027     120      42       0        4        0                                                                                                                                        
                                                                  61.788600       -21.780000      0.367746         0.002651         0.197053         0.005470         0.572920         1.4          2027     120      44       0        4        0                                                                                                                                        
                                                                  65.365790       -21.780000      0.345552         0.001314         0.217058         0.005470         0.569394         1.4          2027     120      46       0        4        0                                                                                                                                        
                                                                  56.498110       -18.460000      0.458527         0.006533         0.177240         0.005470         0.647770         1.4          2027     120      38       0        4        0                                                                                                                                        
                                                                  60.000000       -18.460000      0.428938         0.001771         0.192494         0.005470         0.628674         1.4          2027     120      40       0        4        0                                                                                                                                        
                                                                  63.501890       -18.460000      0.400761         0.001855         0.210796         0.005470         0.618882         1.4          2027     120      42       0        4        0                                                                                                                                        
                                                                  56.558970       -15.140000      0.528514         0.002490         0.181705         0.005470         0.718180         1.4          2027     120      36       0        4        0                                                                                                                                        
                                                                  60.000000       -15.140000      0.489690         0.002460         0.197293         0.005470         0.694914         1.4          2027     120      38       0        4        0                                                                                                                                        
                                                                  63.441030       -15.140000      0.454285         0.002936         0.216887         0.005470         0.679578         1.4          2027     120      40       0        4        0                                                                                                                                        