# \Rows = 155
# \Cols = 13
# \Coordinate system = equ
# \Equinox = J2000
# \Coordinate format = degree
# \objname is name or coordinates
# \ra is right ascension in degrees J2000
# \dec is declination in degrees J2000
# \zody is zodiacal light, unit = MJy/sr; it is median in viewing zone if ido_view = 1
# \ism is interstellar light, unit = MJy/sr
# \stars is stellar light, unit = MJy/sr
# \cib is cosmic infrared background, unit = MJy/sr
# \totbg is total background, unit = MJy/sr
# \wavelength in microns
# \year
# \day is day of year, or -999 if ido_view = 1
# \selon is solar elongation in deg, or -999 if ido_view = 1
# \obsloc is observing location, 0=L2, 3=Earth orbit
# \obsver is code version
# \ido_view if 1 then use median zodiacal in view range
# |objname                                                         |ra             |dec            |zody            |ism             |stars           |cib             |totbg           |wavelength  |year    |day     |selon   |obsloc  |obsver  |ido_view|errmsg                                                                                                                          |
# |char                                                            |double         |double         |double          |double          |double          |double          |double          |float       |char    |char    |int     |char    |char    |char    |char                                                                                                                            |
# |                                                                |deg            |deg            |MJy/sr          |MJy/sr          |MJy/sr          |MJy/sr          |MJy/sr          |microns     |        |        |deg     |        |        |        |                                                                                                                                |
                                                                  39.316320       -84.860000      0.133304         0.006324         0.477601         0.005470         0.622699         1.4          2027     160      109      0        4        0                                                                                                                                        
                                                                  80.683680       -84.860000      0.132642         0.009065         0.550012         0.005470         0.697189         1.4          2027     160      108      0        4        0                                                                                                                                        
                                                                  36.532830       -81.540000      0.133684         0.005164         0.403864         0.005470         0.548182         1.4          2027     160      106      0        4        0                                                                                                                                        
                                                                  60.000000       -81.540000      0.133078         0.004112         0.442131         0.005470         0.584790         1.4          2027     160      105      0        4        0                                                                                                                                        
                                                                  83.467170       -81.540000      0.132628         0.008612         0.517241         0.005470         0.663951         1.4          2027     160      104      0        4        0                                                                                                                                        
                                                                  35.115910       -78.220000      0.134539         0.003659         0.347705         0.005470         0.491373         1.4          2027     160      104      0        4        0                                                                                                                                        
                                                                  51.705300       -78.220000      0.129684         0.009434         0.372481         0.005470         0.517069         1.4          2027     160      102      0        4        0                                                                                                                                        
                                                                  68.294700       -78.220000      0.129118         0.004601         0.418598         0.005470         0.557788         1.4          2027     160      101      0        4        0                                                                                                                                        
                                                                  84.884090       -78.220000      0.128668         0.010583         0.491254         0.005470         0.635975         1.4          2027     160      101      0        4        0                                                                                                                                        
                                                                  34.202690       -74.900000      0.135893         0.002321         0.303825         0.005470         0.447509         1.4          2027     160      101      0        4        0                                                                                                                                        
                                                                  47.101350       -74.900000      0.131016         0.004112         0.321533         0.005470         0.462131         1.4          2027     160      99       0        4        0                                                                                                                                        
                                                                  60.000000       -74.900000      0.130501         0.008001         0.352672         0.005470         0.496644         1.4          2027     160      98       0        4        0                                                                                                                                        
                                                                  72.898650       -74.900000      0.130024         0.006662         0.400446         0.005470         0.542603         1.4          2027     160      98       0        4        0                                                                                                                                        
                                                                  85.797310       -74.900000      0.129571         0.006196         0.470376         0.005470         0.611613         1.4          2027     160      98       0        4        0                                                                                                                                        
                                                                  33.521010       -71.580000      0.137777         0.001778         0.268915         0.005470         0.413940         1.4          2027     160      99       0        4        0                                                                                                                                        
                                                                  44.112600       -71.580000      0.132896         0.001983         0.282246         0.005470         0.422595         1.4          2027     160      97       0        4        0                                                                                                                                        
                                                                  54.704200       -71.580000      0.132464         0.002175         0.304886         0.005470         0.444994         1.4          2027     160      96       0        4        0                                                                                                                                        
                                                                  65.295800       -71.580000      0.132034         0.007442         0.338284         0.005470         0.483229         1.4          2027     160      95       0        4        0                                                                                                                                        
                                                                  75.887400       -71.580000      0.131573         0.008273         0.386260         0.005470         0.531576         1.4          2027     160      94       0        4        0                                                                                                                                        
                                                                  86.478990       -71.580000      0.131080         0.009922         0.454292         0.005470         0.600764         1.4          2027     160      95       0        4        0                                                                                                                                        
                                                                  32.955670       -68.260000      0.140221         0.002109         0.241076         0.005470         0.388876         1.4          2027     160      96       0        4        0                                                                                                                                        
                                                                  41.970450       -68.260000      0.135348         0.002658         0.251473         0.005470         0.394949         1.4          2027     160      94       0        4        0                                                                                                                                        
                                                                  50.985220       -68.260000      0.135001         0.002517         0.268331         0.005470         0.411319         1.4          2027     160      93       0        4        0                                                                                                                                        
                                                                  60.000000       -68.260000      0.134636         0.006412         0.293095         0.005470         0.439613         1.4          2027     160      92       0        4        0                                                                                                                                        
                                                                  69.014780       -68.260000      0.134217         0.003600         0.327965         0.005470         0.471252         1.4          2027     160      91       0        4        0                                                                                                                                        
                                                                  78.029550       -68.260000      0.133728         0.028667         0.375815         0.005470         0.543679         1.4          2027     160      91       0        4        0                                                                                                                                        
                                                                  87.044330       -68.260000      0.133175         0.018989         0.442189         0.005470         0.599823         1.4          2027     160      91       0        4        0                                                                                                                                        
                                                                  32.448980       -64.940000      0.143256         0.001696         0.218698         0.005470         0.369120         1.4          2027     160      94       0        4        0                                                                                                                                        
                                                                  40.320700       -64.940000      0.138391         0.001554         0.227024         0.005470         0.372438         1.4          2027     160      92       0        4        0                                                                                                                                        
                                                                  48.192420       -64.940000      0.138112         0.002757         0.240245         0.005470         0.386584         1.4          2027     160      90       0        4        0                                                                                                                                        
                                                                  56.064140       -64.940000      0.138299         0.004378         0.258957         0.005470         0.407105         1.4          2027     160      89       0        4        0                                                                                                                                        
                                                                  63.935860       -64.940000      0.138248         0.002591         0.285022         0.005470         0.431331         1.4          2027     160      88       0        4        0                                                                                                                                        
                                                                  71.807580       -64.940000      0.138195         0.002099         0.320592         0.005470         0.466356         1.4          2027     160      88       0        4        0                                                                                                                                        
                                                                  79.679300       -64.940000      0.137652         0.003806         0.368800         0.005470         0.515727         1.4          2027     160      88       0        4        0                                                                                                                                        
                                                                  87.551020       -64.940000      0.137024         0.002758         0.433816         0.005470         0.579068         1.4          2027     160      88       0        4        0                                                                                                                                        
                                                                  31.968360       -61.620000      0.146913         0.002062         0.200234         0.005470         0.354679         1.4          2027     160      92       0        4        0                                                                                                                                        
                                                                  38.976270       -61.620000      0.142120         0.001384         0.207042         0.005470         0.356016         1.4          2027     160      90       0        4        0                                                                                                                                        
                                                                  45.984180       -61.620000      0.143027         0.001722         0.217312         0.005470         0.367531         1.4          2027     160      88       0        4        0                                                                                                                                        
                                                                  52.992090       -61.620000      0.143314         0.002872         0.232519         0.005470         0.384176         1.4          2027     160      86       0        4        0                                                                                                                                        
                                                                  60.000000       -61.620000      0.143522         0.002109         0.252525         0.005470         0.403626         1.4          2027     160      85       0        4        0                                                                                                                                        
                                                                  67.007910       -61.620000      0.143705         0.000941         0.279974         0.005470         0.430090         1.4          2027     160      85       0        4        0                                                                                                                                        
                                                                  74.015820       -61.620000      0.143233         0.001352         0.316212         0.005470         0.466267         1.4          2027     160      84       0        4        0                                                                                                                                        
                                                                  81.023730       -61.620000      0.142618         0.002361         0.364299         0.005470         0.514748         1.4          2027     160      84       0        4        0                                                                                                                                        
                                                                  88.031640       -61.620000      0.141874         0.002768         0.429445         0.005470         0.579557         1.4          2027     160      85       0        4        0                                                                                                                                        
                                                                  31.493700       -58.300000      0.151470         0.001293         0.184839         0.005470         0.343072         1.4          2027     160      89       0        4        0                                                                                                                                        
                                                                  37.828430       -58.300000      0.153120         0.001768         0.190502         0.005470         0.350859         1.4          2027     160      87       0        4        0                                                                                                                                        
                                                                  44.163160       -58.300000      0.148435         0.001078         0.199292         0.005470         0.354275         1.4          2027     160      85       0        4        0                                                                                                                                        
                                                                  50.497900       -58.300000      0.149481         0.001599         0.211332         0.005470         0.367883         1.4          2027     160      84       0        4        0                                                                                                                                        
                                                                  56.832630       -58.300000      0.149388         0.001918         0.227367         0.005470         0.384143         1.4          2027     160      83       0        4        0                                                                                                                                        
                                                                  63.167370       -58.300000      0.149857         0.001159         0.248838         0.005470         0.405324         1.4          2027     160      82       0        4        0                                                                                                                                        
                                                                  69.502100       -58.300000      0.149525         0.000521         0.277238         0.005470         0.432753         1.4          2027     160      81       0        4        0                                                                                                                                        
                                                                  75.836840       -58.300000      0.149002         0.001519         0.314299         0.005470         0.470291         1.4          2027     160      81       0        4        0                                                                                                                                        
                                                                  82.171570       -58.300000      0.148280         0.002047         0.363063         0.005470         0.518860         1.4          2027     160      81       0        4        0                                                                                                                                        
                                                                  88.506300       -58.300000      0.147376         0.003868         0.428327         0.005470         0.585042         1.4          2027     160      82       0        4        0                                                                                                                                        
                                                                  31.011470       -54.980000      0.161391         0.001404         0.172279         0.005470         0.340544         1.4          2027     160      87       0        4        0                                                                                                                                        
                                                                  36.809180       -54.980000      0.159303         0.001467         0.177055         0.005470         0.343296         1.4          2027     160      85       0        4        0                                                                                                                                        
                                                                  42.606880       -54.980000      0.154890         0.001398         0.184444         0.005470         0.346202         1.4          2027     160      83       0        4        0                                                                                                                                        
                                                                  48.404590       -54.980000      0.155672         0.000785         0.194052         0.005470         0.355979         1.4          2027     160      81       0        4        0                                                                                                                                        
                                                                  54.202290       -54.980000      0.156519         0.000860         0.207604         0.005470         0.370453         1.4          2027     160      80       0        4        0                                                                                                                                        
                                                                  60.000000       -54.980000      0.157373         0.000858         0.224709         0.005470         0.388409         1.4          2027     160      79       0        4        0                                                                                                                                        
                                                                  65.797710       -54.980000      0.157258         0.000384         0.247618         0.005470         0.410730         1.4          2027     160      78       0        4        0                                                                                                                                        
                                                                  71.595410       -54.980000      0.156916         0.000619         0.276690         0.005470         0.439696         1.4          2027     160      78       0        4        0                                                                                                                                        
                                                                  77.393120       -54.980000      0.156312         0.001343         0.314852         0.005470         0.477976         1.4          2027     160      78       0        4        0                                                                                                                                        
                                                                  83.190820       -54.980000      0.155439         0.002578         0.364797         0.005470         0.528284         1.4          2027     160      78       0        4        0                                                                                                                                        
                                                                  88.988530       -54.980000      0.154324         0.004820         0.431385         0.005470         0.595999         1.4          2027     160      78       0        4        0                                                                                                                                        
                                                                  30.511950       -51.660000      0.168348         0.000906         0.162085         0.005470         0.336809         1.4          2027     160      85       0        4        0                                                                                                                                        
                                                                  35.873410       -51.660000      0.169783         0.001801         0.165772         0.005470         0.342826         1.4          2027     160      83       0        4        0                                                                                                                                        
                                                                  41.234880       -51.660000      0.168121         0.001531         0.172085         0.005470         0.347206         1.4          2027     160      81       0        4        0                                                                                                                                        
                                                                  46.596340       -51.660000      0.163854         0.001124         0.180153         0.005470         0.350601         1.4          2027     160      79       0        4        0                                                                                                                                        
                                                                  51.957800       -51.660000      0.164265         0.000771         0.191573         0.005470         0.362080         1.4          2027     160      77       0        4        0                                                                                                                                        
                                                                  57.319270       -51.660000      0.165113         0.000696         0.205766         0.005470         0.377045         1.4          2027     160      76       0        4        0                                                                                                                                        
                                                                  62.680730       -51.660000      0.165266         0.000976         0.224325         0.005470         0.396037         1.4          2027     160      75       0        4        0                                                                                                                                        
                                                                  68.042200       -51.660000      0.165652         0.000601         0.247991         0.005470         0.419714         1.4          2027     160      75       0        4        0                                                                                                                                        
                                                                  73.403660       -51.660000      0.165244         0.000577         0.278726         0.005470         0.450017         1.4          2027     160      74       0        4        0                                                                                                                                        
                                                                  78.765120       -51.660000      0.164499         0.000989         0.318366         0.005470         0.489324         1.4          2027     160      74       0        4        0                                                                                                                                        
                                                                  84.126590       -51.660000      0.163421         0.002125         0.370092         0.005470         0.541108         1.4          2027     160      75       0        4        0                                                                                                                                        
                                                                  89.488050       -51.660000      0.161560         0.003238         0.438923         0.005470         0.609191         1.4          2027     160      75       0        4        0                                                                                                                                        
                                                                  32.488610       -48.340000      0.176947         0.001064         0.154893         0.005470         0.338374         1.4          2027     160      81       0        4        0                                                                                                                                        
                                                                  37.490680       -48.340000      0.178861         0.000897         0.159167         0.005470         0.344395         1.4          2027     160      79       0        4        0                                                                                                                                        
                                                                  42.492750       -48.340000      0.181043         0.001901         0.165112         0.005470         0.353525         1.4          2027     160      77       0        4        0                                                                                                                                        
                                                                  47.494820       -48.340000      0.172733         0.001171         0.173405         0.005470         0.352779         1.4          2027     160      76       0        4        0                                                                                                                                        
                                                                  52.496890       -48.340000      0.173941         0.000539         0.184048         0.005470         0.363998         1.4          2027     160      74       0        4        0                                                                                                                                        
                                                                  57.498960       -48.340000      0.174507         0.000431         0.197581         0.005470         0.377989         1.4          2027     160      73       0        4        0                                                                                                                                        
                                                                  62.501040       -48.340000      0.175314         0.000781         0.215130         0.005470         0.396694         1.4          2027     160      72       0        4        0                                                                                                                                        
                                                                  67.503110       -48.340000      0.175349         0.000750         0.237315         0.005470         0.418884         1.4          2027     160      72       0        4        0                                                                                                                                        
                                                                  72.505180       -48.340000      0.175016         0.000947         0.265927         0.005470         0.447361         1.4          2027     160      71       0        4        0                                                                                                                                        
                                                                  77.507250       -48.340000      0.174282         0.000628         0.302153         0.005470         0.482532         1.4          2027     160      71       0        4        0                                                                                                                                        
                                                                  82.509320       -48.340000      0.173140         0.001884         0.349564         0.005470         0.530058         1.4          2027     160      71       0        4        0                                                                                                                                        
                                                                  87.511390       -48.340000      0.171616         0.004296         0.412202         0.005470         0.593585         1.4          2027     160      72       0        4        0                                                                                                                                        
                                                                  36.486220       -45.020000      0.189157         0.000997         0.151185         0.005470         0.346809         1.4          2027     160      77       0        4        0                                                                                                                                        
                                                                  41.188980       -45.020000      0.190901         0.001218         0.156336         0.005470         0.353926         1.4          2027     160      75       0        4        0                                                                                                                                        
                                                                  45.891730       -45.020000      0.193300         0.001024         0.163546         0.005470         0.363340         1.4          2027     160      73       0        4        0                                                                                                                                        
                                                                  50.594490       -45.020000      0.184472         0.001017         0.172742         0.005470         0.363700         1.4          2027     160      72       0        4        0                                                                                                                                        
                                                                  55.297240       -45.020000      0.185392         0.000593         0.184351         0.005470         0.375807         1.4          2027     160      70       0        4        0                                                                                                                                        
                                                                  60.000000       -45.020000      0.186537         0.000313         0.198956         0.005470         0.391277         1.4          2027     160      69       0        4        0                                                                                                                                        
                                                                  64.702760       -45.020000      0.186914         0.000850         0.217735         0.005470         0.410969         1.4          2027     160      69       0        4        0                                                                                                                                        
                                                                  69.405510       -45.020000      0.186891         0.000583         0.241379         0.005470         0.434324         1.4          2027     160      68       0        4        0                                                                                                                                        
                                                                  74.108270       -45.020000      0.186414         0.000836         0.271775         0.005470         0.464495         1.4          2027     160      68       0        4        0                                                                                                                                        
                                                                  78.811020       -45.020000      0.185455         0.001592         0.310252         0.005470         0.502770         1.4          2027     160      68       0        4        0                                                                                                                                        
                                                                  83.513780       -45.020000      0.184019         0.002084         0.360587         0.005470         0.552160         1.4          2027     160      68       0        4        0                                                                                                                                        
                                                                  39.968550       -41.700000      0.202100         0.001071         0.149000         0.005470         0.357641         1.4          2027     160      73       0        4        0                                                                                                                                        
                                                                  44.419980       -41.700000      0.204884         0.000651         0.155354         0.005470         0.366359         1.4          2027     160      71       0        4        0                                                                                                                                        
                                                                  48.871420       -41.700000      0.207625         0.000744         0.163417         0.005470         0.377256         1.4          2027     160      69       0        4        0                                                                                                                                        
                                                                  53.322850       -41.700000      0.209758         0.000632         0.173538         0.005470         0.389398         1.4          2027     160      68       0        4        0                                                                                                                                        
                                                                  57.774280       -41.700000      0.199664         0.000649         0.186187         0.005470         0.391970         1.4          2027     160      67       0        4        0                                                                                                                                        
                                                                  62.225720       -41.700000      0.200441         0.000648         0.202385         0.005470         0.408944         1.4          2027     160      66       0        4        0                                                                                                                                        
                                                                  66.677150       -41.700000      0.200796         0.001425         0.222600         0.005470         0.430292         1.4          2027     160      65       0        4        0                                                                                                                                        
                                                                  71.128580       -41.700000      0.200653         0.000863         0.248009         0.005470         0.454995         1.4          2027     160      65       0        4        0                                                                                                                                        
                                                                  75.580020       -41.700000      0.199961         0.001064         0.280242         0.005470         0.486737         1.4          2027     160      64       0        4        0                                                                                                                                        
                                                                  80.031450       -41.700000      0.198701         0.001218         0.321984         0.005470         0.527373         1.4          2027     160      65       0        4        0                                                                                                                                        
                                                                  43.043240       -38.380000      0.218495         0.001229         0.148545         0.005470         0.373739         1.4          2027     160      69       0        4        0                                                                                                                                        
                                                                  47.282430       -38.380000      0.221681         0.001203         0.155708         0.005470         0.384062         1.4          2027     160      67       0        4        0                                                                                                                                        
                                                                  51.521620       -38.380000      0.224300         0.001081         0.164659         0.005470         0.395511         1.4          2027     160      65       0        4        0                                                                                                                                        
                                                                  55.760810       -38.380000      0.227109         0.000549         0.175787         0.005470         0.408915         1.4          2027     160      64       0        4        0                                                                                                                                        
                                                                  60.000000       -38.380000      0.220891         0.000289         0.189998         0.005470         0.416649         1.4          2027     160      63       0        4        0                                                                                                                                        
                                                                  64.239190       -38.380000      0.221974         0.001518         0.207212         0.005470         0.436174         1.4          2027     160      62       0        4        0                                                                                                                                        
                                                                  68.478380       -38.380000      0.217351         0.001188         0.229152         0.005470         0.453161         1.4          2027     160      62       0        4        0                                                                                                                                        
                                                                  72.717570       -38.380000      0.217012         0.001036         0.256730         0.005470         0.480248         1.4          2027     160      61       0        4        0                                                                                                                                        
                                                                  76.956760       -38.380000      0.216017         0.001505         0.292142         0.005470         0.515134         1.4          2027     160      61       0        4        0                                                                                                                                        
                                                                  45.792350       -35.060000      0.237758         0.001264         0.149349         0.005470         0.393841         1.4          2027     160      65       0        4        0                                                                                                                                        
                                                                  49.851680       -35.060000      0.241383         0.001016         0.157370         0.005470         0.405239         1.4          2027     160      63       0        4        0                                                                                                                                        
                                                                  53.911010       -35.060000      0.244338         0.000870         0.167298         0.005470         0.417976         1.4          2027     160      62       0        4        0                                                                                                                                        
                                                                  57.970340       -35.060000      0.247355         0.000646         0.179958         0.005470         0.433429         1.4          2027     160      60       0        4        0                                                                                                                                        
                                                                  62.029660       -35.060000      0.249440         0.000559         0.195150         0.005470         0.450619         1.4          2027     160      59       0        4        0                                                                                                                                        
                                                                  66.088990       -35.060000      0.241750         0.001754         0.214433         0.005470         0.463407         1.4          2027     160      59       0        4        0                                                                                                                                        
                                                                  70.148320       -35.060000      0.242075         0.002147         0.238478         0.005470         0.488171         1.4          2027     160      58       0        4        0                                                                                                                                        
                                                                  74.207650       -35.060000      0.241614         0.001601         0.268752         0.005470         0.517438         1.4          2027     160      58       0        4        0                                                                                                                                        
                                                                  48.279790       -31.740000      0.261567         0.000892         0.151806         0.005470         0.419735         1.4          2027     160      61       0        4        0                                                                                                                                        
                                                                  52.186530       -31.740000      0.265171         0.000969         0.160779         0.005470         0.432389         1.4          2027     160      59       0        4        0                                                                                                                                        
                                                                  56.093260       -31.740000      0.268443         0.000413         0.171824         0.005470         0.446150         1.4          2027     160      58       0        4        0                                                                                                                                        
                                                                  60.000000       -31.740000      0.271632         0.000462         0.185822         0.005470         0.463387         1.4          2027     160      57       0        4        0                                                                                                                                        
                                                                  63.906740       -31.740000      0.273736         0.001902         0.202653         0.005470         0.483761         1.4          2027     160      56       0        4        0                                                                                                                                        
                                                                  67.813470       -31.740000      0.275015         0.001315         0.223983         0.005470         0.505784         1.4          2027     160      55       0        4        0                                                                                                                                        
                                                                  71.720210       -31.740000      0.275336         0.001176         0.250637         0.005470         0.532620         1.4          2027     160      55       0        4        0                                                                                                                                        
                                                                  50.556350       -28.420000      0.289938         0.000875         0.155599         0.005470         0.451881         1.4          2027     160      57       0        4        0                                                                                                                                        
                                                                  54.333810       -28.420000      0.293994         0.000702         0.165668         0.005470         0.465833         1.4          2027     160      55       0        4        0                                                                                                                                        
                                                                  58.111270       -28.420000      0.297567         0.000519         0.178027         0.005470         0.481582         1.4          2027     160      54       0        4        0                                                                                                                                        
                                                                  61.888730       -28.420000      0.300880         0.001641         0.193631         0.005470         0.501622         1.4          2027     160      53       0        4        0                                                                                                                                        
                                                                  65.666190       -28.420000      0.302923         0.002034         0.212461         0.005470         0.522887         1.4          2027     160      52       0        4        0                                                                                                                                        
                                                                  69.443650       -28.420000      0.303936         0.001804         0.236324         0.005470         0.547534         1.4          2027     160      52       0        4        0                                                                                                                                        
                                                                  52.663160       -25.100000      0.336412         0.000865         0.160872         0.005470         0.503620         1.4          2027     160      53       0        4        0                                                                                                                                        
                                                                  56.331580       -25.100000      0.329147         0.000633         0.172238         0.005470         0.507488         1.4          2027     160      52       0        4        0                                                                                                                                        
                                                                  60.000000       -25.100000      0.332999         0.001479         0.186567         0.005470         0.526515         1.4          2027     160      50       0        4        0                                                                                                                                        
                                                                  63.668420       -25.100000      0.335961         0.002260         0.203745         0.005470         0.547436         1.4          2027     160      49       0        4        0                                                                                                                                        
                                                                  67.336840       -25.100000      0.338236         0.002427         0.225440         0.005470         0.571573         1.4          2027     160      49       0        4        0                                                                                                                                        
                                                                  54.634210       -21.780000      0.379366         0.001661         0.168240         0.005470         0.554737         1.4          2027     160      49       0        4        0                                                                                                                                        
                                                                  58.211400       -21.780000      0.385946         0.003092         0.181172         0.005470         0.575680         1.4          2027     160      48       0        4        0                                                                                                                                        
                                                                  61.788600       -21.780000      0.376518         0.002651         0.197053         0.005470         0.581691         1.4          2027     160      47       0        4        0                                                                                                                                        
                                                                  65.365790       -21.780000      0.379447         0.001314         0.217058         0.005470         0.603289         1.4          2027     160      46       0        4        0                                                                                                                                        
                                                                  56.498110       -18.460000      0.440250         0.006533         0.177240         0.005470         0.629493         1.4          2027     160      46       0        4        0                                                                                                                                        
                                                                  60.000000       -18.460000      0.447546         0.001771         0.192494         0.005470         0.647281         1.4          2027     160      44       0        4        0                                                                                                                                        
                                                                  63.501890       -18.460000      0.453949         0.001855         0.210796         0.005470         0.672069         1.4          2027     160      43       0        4        0                                                                                                                                        
                                                                  56.558970       -15.140000      0.503393         0.002490         0.181705         0.005470         0.693058         1.4          2027     160      43       0        4        0                                                                                                                                        
                                                                  60.000000       -15.140000      0.511858         0.002460         0.197293         0.005470         0.717082         1.4          2027     160      41       0        4        0                                                                                                                                        
                                                                  63.441030       -15.140000      0.518701         0.002936         0.216887         0.005470         0.743993         1.4          2027     160      40       0        4        0                                                                                                                                        