# \Rows = 155
# \Cols = 13
# \Coordinate system = equ
# \Equinox = J2000
# \Coordinate format = degree
# \objname is name or coordinates
# \ra is right ascension in degrees J2000
# \dec is declination in degrees J2000
# \zody is zodiacal light, unit = MJy/sr; it is median in viewing zone if ido_view = 1
# \ism is interstellar light, unit = MJy/sr
# \stars is stellar light, unit = MJy/sr
# \cib is cosmic infrared background, unit = MJy/sr
# \totbg is total background, unit = MJy/sr
# \wavelength in microns
# \year
# \day is day of year, or -999 if ido_view = 1
# \selon is solar elongation in deg, or -999 if ido_view = 1
# \obsloc is observing location, 0=L2, 3=Earth orbit
# \obsver is code version
# \ido_view if 1 then use median zodiacal in view range
# |objname                                                         |ra             |dec            |zody            |ism             |stars           |cib             |totbg           |wavelength  |year    |day     |selon   |obsloc  |obsver  |ido_view|errmsg                                                                                                                          |
# |char                                                            |double         |double         |double          |double          |double          |double          |double          |float       |char    |char    |int     |char    |char    |char    |char                                                                                                                            |
# |                                                                |deg            |deg            |MJy/sr          |MJy/sr          |MJy/sr          |MJy/sr          |MJy/sr          |microns     |        |        |deg     |        |        |        |                                                                                                                                |
                                                                  39.316320       -84.860000      0.154891         0.006324         0.477601         0.005470         0.644285         1.4          2027     20       71       0        4        0                                                                                                                                        
                                                                  80.683680       -84.860000      0.146597         0.009065         0.550012         0.005470         0.711144         1.4          2027     20       74       0        4        0                                                                                                                                        
                                                                  36.532830       -81.540000      0.154019         0.005164         0.403864         0.005470         0.568517         1.4          2027     20       71       0        4        0                                                                                                                                        
                                                                  60.000000       -81.540000      0.145330         0.004112         0.442131         0.005470         0.597043         1.4          2027     20       74       0        4        0                                                                                                                                        
                                                                  83.467170       -81.540000      0.139666         0.008612         0.517241         0.005470         0.670989         1.4          2027     20       76       0        4        0                                                                                                                                        
                                                                  35.115910       -78.220000      0.153565         0.003659         0.347705         0.005470         0.510399         1.4          2027     20       71       0        4        0                                                                                                                                        
                                                                  51.705300       -78.220000      0.144809         0.009434         0.372481         0.005470         0.532194         1.4          2027     20       74       0        4        0                                                                                                                                        
                                                                  68.294700       -78.220000      0.137763         0.004601         0.418598         0.005470         0.566432         1.4          2027     20       77       0        4        0                                                                                                                                        
                                                                  84.884090       -78.220000      0.133342         0.010583         0.491254         0.005470         0.640649         1.4          2027     20       79       0        4        0                                                                                                                                        
                                                                  34.202690       -74.900000      0.153495         0.002321         0.303825         0.005470         0.465111         1.4          2027     20       71       0        4        0                                                                                                                                        
                                                                  47.101350       -74.900000      0.144724         0.004112         0.321533         0.005470         0.475839         1.4          2027     20       74       0        4        0                                                                                                                                        
                                                                  60.000000       -74.900000      0.137328         0.008001         0.352672         0.005470         0.503471         1.4          2027     20       77       0        4        0                                                                                                                                        
                                                                  72.898650       -74.900000      0.132181         0.006662         0.400446         0.005470         0.544759         1.4          2027     20       80       0        4        0                                                                                                                                        
                                                                  85.797310       -74.900000      0.128589         0.006196         0.470376         0.005470         0.610631         1.4          2027     20       82       0        4        0                                                                                                                                        
                                                                  33.521010       -71.580000      0.153814         0.001778         0.268915         0.005470         0.429977         1.4          2027     20       71       0        4        0                                                                                                                                        
                                                                  44.112600       -71.580000      0.145030         0.001983         0.282246         0.005470         0.434729         1.4          2027     20       75       0        4        0                                                                                                                                        
                                                                  54.704200       -71.580000      0.137447         0.002175         0.304886         0.005470         0.449978         1.4          2027     20       78       0        4        0                                                                                                                                        
                                                                  65.295800       -71.580000      0.131923         0.007442         0.338284         0.005470         0.483119         1.4          2027     20       81       0        4        0                                                                                                                                        
                                                                  75.887400       -71.580000      0.127084         0.008273         0.386260         0.005470         0.527086         1.4          2027     20       83       0        4        0                                                                                                                                        
                                                                  86.478990       -71.580000      0.124018         0.009922         0.454292         0.005470         0.593701         1.4          2027     20       85       0        4        0                                                                                                                                        
                                                                  32.955670       -68.260000      0.154543         0.002109         0.241076         0.005470         0.403198         1.4          2027     20       72       0        4        0                                                                                                                                        
                                                                  41.970450       -68.260000      0.145223         0.002658         0.251473         0.005470         0.404825         1.4          2027     20       75       0        4        0                                                                                                                                        
                                                                  50.985220       -68.260000      0.138020         0.002517         0.268331         0.005470         0.414339         1.4          2027     20       78       0        4        0                                                                                                                                        
                                                                  60.000000       -68.260000      0.131713         0.006412         0.293095         0.005470         0.436690         1.4          2027     20       81       0        4        0                                                                                                                                        
                                                                  69.014780       -68.260000      0.127085         0.003600         0.327965         0.005470         0.464119         1.4          2027     20       84       0        4        0                                                                                                                                        
                                                                  78.029550       -68.260000      0.123010         0.028667         0.375815         0.005470         0.532961         1.4          2027     20       86       0        4        0                                                                                                                                        
                                                                  87.044330       -68.260000      0.120056         0.018989         0.442189         0.005470         0.586705         1.4          2027     20       88       0        4        0                                                                                                                                        
                                                                  32.448980       -64.940000      0.155720         0.001696         0.218698         0.005470         0.381583         1.4          2027     20       72       0        4        0                                                                                                                                        
                                                                  40.320700       -64.940000      0.146341         0.001554         0.227024         0.005470         0.380389         1.4          2027     20       75       0        4        0                                                                                                                                        
                                                                  48.192420       -64.940000      0.139029         0.002757         0.240245         0.005470         0.387502         1.4          2027     20       78       0        4        0                                                                                                                                        
                                                                  56.064140       -64.940000      0.132547         0.004378         0.258957         0.005470         0.401353         1.4          2027     20       81       0        4        0                                                                                                                                        
                                                                  63.935860       -64.940000      0.127065         0.002591         0.285022         0.005470         0.420148         1.4          2027     20       84       0        4        0                                                                                                                                        
                                                                  71.807580       -64.940000      0.122815         0.002099         0.320592         0.005470         0.450976         1.4          2027     20       87       0        4        0                                                                                                                                        
                                                                  79.679300       -64.940000      0.119333         0.003806         0.368800         0.005470         0.497408         1.4          2027     20       89       0        4        0                                                                                                                                        
                                                                  87.551020       -64.940000      0.117153         0.002758         0.433816         0.005470         0.559196         1.4          2027     20       91       0        4        0                                                                                                                                        
                                                                  31.968360       -61.620000      0.156875         0.002062         0.200234         0.005470         0.364641         1.4          2027     20       72       0        4        0                                                                                                                                        
                                                                  38.976270       -61.620000      0.147915         0.001384         0.207042         0.005470         0.361811         1.4          2027     20       76       0        4        0                                                                                                                                        
                                                                  45.984180       -61.620000      0.140488         0.001722         0.217312         0.005470         0.364992         1.4          2027     20       79       0        4        0                                                                                                                                        
                                                                  52.992090       -61.620000      0.133851         0.002872         0.232519         0.005470         0.374713         1.4          2027     20       82       0        4        0                                                                                                                                        
                                                                  60.000000       -61.620000      0.128183         0.002109         0.252525         0.005470         0.388288         1.4          2027     20       85       0        4        0                                                                                                                                        
                                                                  67.007910       -61.620000      0.123702         0.000941         0.279974         0.005470         0.410087         1.4          2027     20       87       0        4        0                                                                                                                                        
                                                                  74.015820       -61.620000      0.119726         0.001352         0.316212         0.005470         0.442760         1.4          2027     20       90       0        4        0                                                                                                                                        
                                                                  81.023730       -61.620000      0.117405         0.002361         0.364299         0.005470         0.489536         1.4          2027     20       92       0        4        0                                                                                                                                        
                                                                  88.031640       -61.620000      0.115797         0.002768         0.429445         0.005470         0.553480         1.4          2027     20       94       0        4        0                                                                                                                                        
                                                                  31.493700       -58.300000      0.159081         0.001293         0.184839         0.005470         0.350683         1.4          2027     20       73       0        4        0                                                                                                                                        
                                                                  37.828430       -58.300000      0.149991         0.001768         0.190502         0.005470         0.347731         1.4          2027     20       76       0        4        0                                                                                                                                        
                                                                  44.163160       -58.300000      0.141854         0.001078         0.199292         0.005470         0.347693         1.4          2027     20       79       0        4        0                                                                                                                                        
                                                                  50.497900       -58.300000      0.135633         0.001599         0.211332         0.005470         0.354035         1.4          2027     20       82       0        4        0                                                                                                                                        
                                                                  56.832630       -58.300000      0.129796         0.001918         0.227367         0.005470         0.364551         1.4          2027     20       85       0        4        0                                                                                                                                        
                                                                  63.167370       -58.300000      0.124690         0.001159         0.248838         0.005470         0.380156         1.4          2027     20       88       0        4        0                                                                                                                                        
                                                                  69.502100       -58.300000      0.120713         0.000521         0.277238         0.005470         0.403941         1.4          2027     20       90       0        4        0                                                                                                                                        
                                                                  75.836840       -58.300000      0.118307         0.001519         0.314299         0.005470         0.439596         1.4          2027     20       93       0        4        0                                                                                                                                        
                                                                  82.171570       -58.300000      0.116401         0.002047         0.363063         0.005470         0.486981         1.4          2027     20       95       0        4        0                                                                                                                                        
                                                                  88.506300       -58.300000      0.114963         0.003868         0.428327         0.005470         0.552629         1.4          2027     20       97       0        4        0                                                                                                                                        
                                                                  31.011470       -54.980000      0.161901         0.001404         0.172279         0.005470         0.341054         1.4          2027     20       73       0        4        0                                                                                                                                        
                                                                  36.809180       -54.980000      0.152631         0.001467         0.177055         0.005470         0.336624         1.4          2027     20       76       0        4        0                                                                                                                                        
                                                                  42.606880       -54.980000      0.144313         0.001398         0.184444         0.005470         0.335625         1.4          2027     20       80       0        4        0                                                                                                                                        
                                                                  48.404590       -54.980000      0.137228         0.000785         0.194052         0.005470         0.337535         1.4          2027     20       83       0        4        0                                                                                                                                        
                                                                  54.202290       -54.980000      0.131349         0.000860         0.207604         0.005470         0.345283         1.4          2027     20       86       0        4        0                                                                                                                                        
                                                                  60.000000       -54.980000      0.126258         0.000858         0.224709         0.005470         0.357294         1.4          2027     20       88       0        4        0                                                                                                                                        
                                                                  65.797710       -54.980000      0.122417         0.000384         0.247618         0.005470         0.375889         1.4          2027     20       91       0        4        0                                                                                                                                        
                                                                  71.595410       -54.980000      0.119777         0.000619         0.276690         0.005470         0.402556         1.4          2027     20       94       0        4        0                                                                                                                                        
                                                                  77.393120       -54.980000      0.117625         0.001343         0.314852         0.005470         0.439289         1.4          2027     20       96       0        4        0                                                                                                                                        
                                                                  83.190820       -54.980000      0.115929         0.002578         0.364797         0.005470         0.488775         1.4          2027     20       98       0        4        0                                                                                                                                        
                                                                  88.988530       -54.980000      0.114655         0.004820         0.431385         0.005470         0.556330         1.4          2027     20       100      0        4        0                                                                                                                                        
                                                                  30.511950       -51.660000      0.168165         0.000906         0.162085         0.005470         0.336626         1.4          2027     20       74       0        4        0                                                                                                                                        
                                                                  35.873410       -51.660000      0.158591         0.001801         0.165772         0.005470         0.331634         1.4          2027     20       77       0        4        0                                                                                                                                        
                                                                  41.234880       -51.660000      0.147357         0.001531         0.172085         0.005470         0.326443         1.4          2027     20       80       0        4        0                                                                                                                                        
                                                                  46.596340       -51.660000      0.140071         0.001124         0.180153         0.005470         0.326819         1.4          2027     20       83       0        4        0                                                                                                                                        
                                                                  51.957800       -51.660000      0.133997         0.000771         0.191573         0.005470         0.331812         1.4          2027     20       86       0        4        0                                                                                                                                        
                                                                  57.319270       -51.660000      0.128703         0.000696         0.205766         0.005470         0.340635         1.4          2027     20       89       0        4        0                                                                                                                                        
                                                                  62.680730       -51.660000      0.124642         0.000976         0.224325         0.005470         0.355414         1.4          2027     20       92       0        4        0                                                                                                                                        
                                                                  68.042200       -51.660000      0.121780         0.000601         0.247991         0.005470         0.375842         1.4          2027     20       94       0        4        0                                                                                                                                        
                                                                  73.403660       -51.660000      0.119405         0.000577         0.278726         0.005470         0.404179         1.4          2027     20       97       0        4        0                                                                                                                                        
                                                                  78.765120       -51.660000      0.117484         0.000989         0.318366         0.005470         0.442309         1.4          2027     20       99       0        4        0                                                                                                                                        
                                                                  84.126590       -51.660000      0.115980         0.002125         0.370092         0.005470         0.493667         1.4          2027     20       101      0        4        0                                                                                                                                        
                                                                  89.488050       -51.660000      0.114858         0.003238         0.438923         0.005470         0.562489         1.4          2027     20       103      0        4        0                                                                                                                                        
                                                                  32.488610       -48.340000      0.166871         0.001064         0.154893         0.005470         0.328298         1.4          2027     20       76       0        4        0                                                                                                                                        
                                                                  37.490680       -48.340000      0.157827         0.000897         0.159167         0.005470         0.323361         1.4          2027     20       79       0        4        0                                                                                                                                        
                                                                  42.492750       -48.340000      0.149523         0.001901         0.165112         0.005470         0.322006         1.4          2027     20       82       0        4        0                                                                                                                                        
                                                                  47.494820       -48.340000      0.142531         0.001171         0.173405         0.005470         0.322577         1.4          2027     20       85       0        4        0                                                                                                                                        
                                                                  52.496890       -48.340000      0.136371         0.000539         0.184048         0.005470         0.326429         1.4          2027     20       88       0        4        0                                                                                                                                        
                                                                  57.498960       -48.340000      0.129140         0.000431         0.197581         0.005470         0.332622         1.4          2027     20       91       0        4        0                                                                                                                                        
                                                                  62.501040       -48.340000      0.125791         0.000781         0.215130         0.005470         0.347171         1.4          2027     20       93       0        4        0                                                                                                                                        
                                                                  67.503110       -48.340000      0.122952         0.000750         0.237315         0.005470         0.366488         1.4          2027     20       96       0        4        0                                                                                                                                        
                                                                  72.505180       -48.340000      0.120591         0.000947         0.265927         0.005470         0.392936         1.4          2027     20       99       0        4        0                                                                                                                                        
                                                                  77.507250       -48.340000      0.118671         0.000628         0.302153         0.005470         0.426922         1.4          2027     20       101      0        4        0                                                                                                                                        
                                                                  82.509320       -48.340000      0.117154         0.001884         0.349564         0.005470         0.474072         1.4          2027     20       103      0        4        0                                                                                                                                        
                                                                  87.511390       -48.340000      0.116004         0.004296         0.412202         0.005470         0.537973         1.4          2027     20       105      0        4        0                                                                                                                                        
                                                                  36.486220       -45.020000      0.161673         0.000997         0.151185         0.005470         0.319325         1.4          2027     20       79       0        4        0                                                                                                                                        
                                                                  41.188980       -45.020000      0.153681         0.001218         0.156336         0.005470         0.316706         1.4          2027     20       82       0        4        0                                                                                                                                        
                                                                  45.891730       -45.020000      0.146406         0.001024         0.163546         0.005470         0.316447         1.4          2027     20       85       0        4        0                                                                                                                                        
                                                                  50.594490       -45.020000      0.139621         0.001017         0.172742         0.005470         0.318849         1.4          2027     20       88       0        4        0                                                                                                                                        
                                                                  55.297240       -45.020000      0.134748         0.000593         0.184351         0.005470         0.325162         1.4          2027     20       91       0        4        0                                                                                                                                        
                                                                  60.000000       -45.020000      0.131123         0.000313         0.198956         0.005470         0.335862         1.4          2027     20       94       0        4        0                                                                                                                                        
                                                                  64.702760       -45.020000      0.128027         0.000850         0.217735         0.005470         0.352082         1.4          2027     20       97       0        4        0                                                                                                                                        
                                                                  69.405510       -45.020000      0.125423         0.000583         0.241379         0.005470         0.372856         1.4          2027     20       99       0        4        0                                                                                                                                        
                                                                  74.108270       -45.020000      0.123274         0.000836         0.271775         0.005470         0.401355         1.4          2027     20       102      0        4        0                                                                                                                                        
                                                                  78.811020       -45.020000      0.121540         0.001592         0.310252         0.005470         0.438855         1.4          2027     20       104      0        4        0                                                                                                                                        
                                                                  83.513780       -45.020000      0.120183         0.002084         0.360587         0.005470         0.488324         1.4          2027     20       106      0        4        0                                                                                                                                        
                                                                  39.968550       -41.700000      0.157916         0.001071         0.149000         0.005470         0.313457         1.4          2027     20       83       0        4        0                                                                                                                                        
                                                                  44.419980       -41.700000      0.150430         0.000651         0.155354         0.005470         0.311906         1.4          2027     20       86       0        4        0                                                                                                                                        
                                                                  48.871420       -41.700000      0.143893         0.000744         0.163417         0.005470         0.313524         1.4          2027     20       89       0        4        0                                                                                                                                        
                                                                  53.322850       -41.700000      0.138710         0.000632         0.173538         0.005470         0.318350         1.4          2027     20       92       0        4        0                                                                                                                                        
                                                                  57.774280       -41.700000      0.134799         0.000649         0.186187         0.005470         0.327105         1.4          2027     20       94       0        4        0                                                                                                                                        
                                                                  62.225720       -41.700000      0.131440         0.000648         0.202385         0.005470         0.339944         1.4          2027     20       97       0        4        0                                                                                                                                        
                                                                  66.677150       -41.700000      0.128594         0.001425         0.222600         0.005470         0.358090         1.4          2027     20       100      0        4        0                                                                                                                                        
                                                                  71.128580       -41.700000      0.126222         0.000863         0.248009         0.005470         0.380564         1.4          2027     20       102      0        4        0                                                                                                                                        
                                                                  75.580020       -41.700000      0.124283         0.001064         0.280242         0.005470         0.411058         1.4          2027     20       105      0        4        0                                                                                                                                        
                                                                  80.031450       -41.700000      0.122738         0.001218         0.321984         0.005470         0.451410         1.4          2027     20       107      0        4        0                                                                                                                                        
                                                                  43.043240       -38.380000      0.155839         0.001229         0.148545         0.005470         0.311084         1.4          2027     20       86       0        4        0                                                                                                                                        
                                                                  47.282430       -38.380000      0.148625         0.001203         0.155708         0.005470         0.311006         1.4          2027     20       89       0        4        0                                                                                                                                        
                                                                  51.521620       -38.380000      0.143359         0.001081         0.164659         0.005470         0.314571         1.4          2027     20       92       0        4        0                                                                                                                                        
                                                                  55.760810       -38.380000      0.139116         0.000549         0.175787         0.005470         0.320922         1.4          2027     20       95       0        4        0                                                                                                                                        
                                                                  60.000000       -38.380000      0.135456         0.000289         0.189998         0.005470         0.331214         1.4          2027     20       98       0        4        0                                                                                                                                        
                                                                  64.239190       -38.380000      0.132337         0.001518         0.207212         0.005470         0.346536         1.4          2027     20       100      0        4        0                                                                                                                                        
                                                                  68.478380       -38.380000      0.129716         0.001188         0.229152         0.005470         0.365526         1.4          2027     20       103      0        4        0                                                                                                                                        
                                                                  72.717570       -38.380000      0.127554         0.001036         0.256730         0.005470         0.390789         1.4          2027     20       106      0        4        0                                                                                                                                        
                                                                  76.956760       -38.380000      0.125808         0.001505         0.292142         0.005470         0.424925         1.4          2027     20       108      0        4        0                                                                                                                                        
                                                                  45.792350       -35.060000      0.154473         0.001264         0.149349         0.005470         0.310556         1.4          2027     20       89       0        4        0                                                                                                                                        
                                                                  49.851680       -35.060000      0.148771         0.001016         0.157370         0.005470         0.312626         1.4          2027     20       92       0        4        0                                                                                                                                        
                                                                  53.911010       -35.060000      0.144138         0.000870         0.167298         0.005470         0.317776         1.4          2027     20       95       0        4        0                                                                                                                                        
                                                                  57.970340       -35.060000      0.140127         0.000646         0.179958         0.005470         0.326202         1.4          2027     20       98       0        4        0                                                                                                                                        
                                                                  62.029660       -35.060000      0.136694         0.000559         0.195150         0.005470         0.337874         1.4          2027     20       101      0        4        0                                                                                                                                        
                                                                  66.088990       -35.060000      0.133793         0.001754         0.214433         0.005470         0.355449         1.4          2027     20       104      0        4        0                                                                                                                                        
                                                                  70.148320       -35.060000      0.131380         0.002147         0.238478         0.005470         0.377476         1.4          2027     20       106      0        4        0                                                                                                                                        
                                                                  74.207650       -35.060000      0.129413         0.001601         0.268752         0.005470         0.405237         1.4          2027     20       109      0        4        0                                                                                                                                        
                                                                  48.279790       -31.740000      0.157330         0.000892         0.151806         0.005470         0.315498         1.4          2027     20       93       0        4        0                                                                                                                                        
                                                                  52.186530       -31.740000      0.152221         0.000969         0.160779         0.005470         0.319439         1.4          2027     20       96       0        4        0                                                                                                                                        
                                                                  56.093260       -31.740000      0.147788         0.000413         0.171824         0.005470         0.325495         1.4          2027     20       98       0        4        0                                                                                                                                        
                                                                  60.000000       -31.740000      0.143980         0.000462         0.185822         0.005470         0.335734         1.4          2027     20       101      0        4        0                                                                                                                                        
                                                                  63.906740       -31.740000      0.140746         0.001902         0.202653         0.005470         0.350771         1.4          2027     20       104      0        4        0                                                                                                                                        
                                                                  67.813470       -31.740000      0.138040         0.001315         0.223983         0.005470         0.368809         1.4          2027     20       107      0        4        0                                                                                                                                        
                                                                  71.720210       -31.740000      0.133588         0.001176         0.250637         0.005470         0.390871         1.4          2027     20       109      0        4        0                                                                                                                                        
                                                                  50.556350       -28.420000      0.158763         0.000875         0.155599         0.005470         0.320706         1.4          2027     20       96       0        4        0                                                                                                                                        
                                                                  54.333810       -28.420000      0.153851         0.000702         0.165668         0.005470         0.325690         1.4          2027     20       99       0        4        0                                                                                                                                        
                                                                  58.111270       -28.420000      0.149619         0.000519         0.178027         0.005470         0.333634         1.4          2027     20       102      0        4        0                                                                                                                                        
                                                                  61.888730       -28.420000      0.146011         0.001641         0.193631         0.005470         0.346753         1.4          2027     20       104      0        4        0                                                                                                                                        
                                                                  65.666190       -28.420000      0.142977         0.002034         0.212461         0.005470         0.362941         1.4          2027     20       107      0        4        0                                                                                                                                        
                                                                  69.443650       -28.420000      0.140465         0.001804         0.236324         0.005470         0.384063         1.4          2027     20       110      0        4        0                                                                                                                                        
                                                                  52.663160       -25.100000      0.160855         0.000865         0.160872         0.005470         0.328063         1.4          2027     20       99       0        4        0                                                                                                                                        
                                                                  56.331580       -25.100000      0.156122         0.000633         0.172238         0.005470         0.334463         1.4          2027     20       102      0        4        0                                                                                                                                        
                                                                  60.000000       -25.100000      0.152073         0.001479         0.186567         0.005470         0.345590         1.4          2027     20       105      0        4        0                                                                                                                                        
                                                                  63.668420       -25.100000      0.148653         0.002260         0.203745         0.005470         0.360128         1.4          2027     20       108      0        4        0                                                                                                                                        
                                                                  67.336840       -25.100000      0.145804         0.002427         0.225440         0.005470         0.379142         1.4          2027     20       110      0        4        0                                                                                                                                        
                                                                  54.634210       -21.780000      0.165870         0.001661         0.168240         0.005470         0.341240         1.4          2027     20       102      0        4        0                                                                                                                                        
                                                                  58.211400       -21.780000      0.161297         0.003092         0.181172         0.005470         0.351031         1.4          2027     20       105      0        4        0                                                                                                                                        
                                                                  61.788600       -21.780000      0.157419         0.002651         0.197053         0.005470         0.362593         1.4          2027     20       108      0        4        0                                                                                                                                        
                                                                  65.365790       -21.780000      0.154174         0.001314         0.217058         0.005470         0.378017         1.4          2027     20       111      0        4        0                                                                                                                                        
                                                                  56.498110       -18.460000      0.169102         0.006533         0.177240         0.005470         0.358345         1.4          2027     20       105      0        4        0                                                                                                                                        
                                                                  60.000000       -18.460000      0.164683         0.001771         0.192494         0.005470         0.364418         1.4          2027     20       108      0        4        0                                                                                                                                        
                                                                  63.501890       -18.460000      0.160968         0.001855         0.210796         0.005470         0.379088         1.4          2027     20       111      0        4        0                                                                                                                                        
                                                                  56.558970       -15.140000      0.177784         0.002490         0.181705         0.005470         0.367449         1.4          2027     20       107      0        4        0                                                                                                                                        
                                                                  60.000000       -15.140000      0.173120         0.002460         0.197293         0.005470         0.378344         1.4          2027     20       110      0        4        0                                                                                                                                        
                                                                  63.441030       -15.140000      0.169208         0.002936         0.216887         0.005470         0.394501         1.4          2027     20       113      0        4        0                                                                                                                                        