# \Rows = 155
# \Cols = 13
# \Coordinate system = equ
# \Equinox = J2000
# \Coordinate format = degree
# \objname is name or coordinates
# \ra is right ascension in degrees J2000
# \dec is declination in degrees J2000
# \zody is zodiacal light, unit = MJy/sr; it is median in viewing zone if ido_view = 1
# \ism is interstellar light, unit = MJy/sr
# \stars is stellar light, unit = MJy/sr
# \cib is cosmic infrared background, unit = MJy/sr
# \totbg is total background, unit = MJy/sr
# \wavelength in microns
# \year
# \day is day of year, or -999 if ido_view = 1
# \selon is solar elongation in deg, or -999 if ido_view = 1
# \obsloc is observing location, 0=L2, 3=Earth orbit
# \obsver is code version
# \ido_view if 1 then use median zodiacal in view range
# |objname                                                         |ra             |dec            |zody            |ism             |stars           |cib             |totbg           |wavelength  |year    |day     |selon   |obsloc  |obsver  |ido_view|errmsg                                                                                                                          |
# |char                                                            |double         |double         |double          |double          |double          |double          |double          |float       |char    |char    |int     |char    |char    |char    |char                                                                                                                            |
# |                                                                |deg            |deg            |MJy/sr          |MJy/sr          |MJy/sr          |MJy/sr          |MJy/sr          |microns     |        |        |deg     |        |        |        |                                                                                                                                |
                                                                  39.316320       -84.860000      0.159703         0.006324         0.477601         0.005470         0.649098         1.4          2027     10       70       0        4        0                                                                                                                                        
                                                                  80.683680       -84.860000      0.151644         0.009065         0.550012         0.005470         0.716192         1.4          2027     10       72       0        4        0                                                                                                                                        
                                                                  36.532830       -81.540000      0.157501         0.005164         0.403864         0.005470         0.571999         1.4          2027     10       70       0        4        0                                                                                                                                        
                                                                  60.000000       -81.540000      0.148987         0.004112         0.442131         0.005470         0.600700         1.4          2027     10       73       0        4        0                                                                                                                                        
                                                                  83.467170       -81.540000      0.143779         0.008612         0.517241         0.005470         0.675102         1.4          2027     10       75       0        4        0                                                                                                                                        
                                                                  35.115910       -78.220000      0.155800         0.003659         0.347705         0.005470         0.512634         1.4          2027     10       71       0        4        0                                                                                                                                        
                                                                  51.705300       -78.220000      0.147329         0.009434         0.372481         0.005470         0.534714         1.4          2027     10       74       0        4        0                                                                                                                                        
                                                                  68.294700       -78.220000      0.141211         0.004601         0.418598         0.005470         0.569881         1.4          2027     10       77       0        4        0                                                                                                                                        
                                                                  84.884090       -78.220000      0.137274         0.010583         0.491254         0.005470         0.644581         1.4          2027     10       79       0        4        0                                                                                                                                        
                                                                  34.202690       -74.900000      0.154562         0.002321         0.303825         0.005470         0.466178         1.4          2027     10       72       0        4        0                                                                                                                                        
                                                                  47.101350       -74.900000      0.145730         0.004112         0.321533         0.005470         0.476846         1.4          2027     10       75       0        4        0                                                                                                                                        
                                                                  60.000000       -74.900000      0.139304         0.008001         0.352672         0.005470         0.505447         1.4          2027     10       78       0        4        0                                                                                                                                        
                                                                  72.898650       -74.900000      0.134609         0.006662         0.400446         0.005470         0.547188         1.4          2027     10       80       0        4        0                                                                                                                                        
                                                                  85.797310       -74.900000      0.131449         0.006196         0.470376         0.005470         0.613491         1.4          2027     10       82       0        4        0                                                                                                                                        
                                                                  33.521010       -71.580000      0.153310         0.001778         0.268915         0.005470         0.429473         1.4          2027     10       73       0        4        0                                                                                                                                        
                                                                  44.112600       -71.580000      0.145107         0.001983         0.282246         0.005470         0.434806         1.4          2027     10       76       0        4        0                                                                                                                                        
                                                                  54.704200       -71.580000      0.138598         0.002175         0.304886         0.005470         0.451129         1.4          2027     10       79       0        4        0                                                                                                                                        
                                                                  65.295800       -71.580000      0.133038         0.007442         0.338284         0.005470         0.484234         1.4          2027     10       81       0        4        0                                                                                                                                        
                                                                  75.887400       -71.580000      0.129185         0.008273         0.386260         0.005470         0.529187         1.4          2027     10       83       0        4        0                                                                                                                                        
                                                                  86.478990       -71.580000      0.126502         0.009922         0.454292         0.005470         0.596186         1.4          2027     10       85       0        4        0                                                                                                                                        
                                                                  32.955670       -68.260000      0.153019         0.002109         0.241076         0.005470         0.401674         1.4          2027     10       74       0        4        0                                                                                                                                        
                                                                  41.970450       -68.260000      0.144416         0.002658         0.251473         0.005470         0.404018         1.4          2027     10       77       0        4        0                                                                                                                                        
                                                                  50.985220       -68.260000      0.137895         0.002517         0.268331         0.005470         0.414213         1.4          2027     10       80       0        4        0                                                                                                                                        
                                                                  60.000000       -68.260000      0.132729         0.006412         0.293095         0.005470         0.437706         1.4          2027     10       82       0        4        0                                                                                                                                        
                                                                  69.014780       -68.260000      0.127969         0.003600         0.327965         0.005470         0.465003         1.4          2027     10       85       0        4        0                                                                                                                                        
                                                                  78.029550       -68.260000      0.124410         0.028667         0.375815         0.005470         0.534362         1.4          2027     10       86       0        4        0                                                                                                                                        
                                                                  87.044330       -68.260000      0.122279         0.018989         0.442189         0.005470         0.588928         1.4          2027     10       88       0        4        0                                                                                                                                        
                                                                  32.448980       -64.940000      0.152711         0.001696         0.218698         0.005470         0.378574         1.4          2027     10       75       0        4        0                                                                                                                                        
                                                                  40.320700       -64.940000      0.144748         0.001554         0.227024         0.005470         0.378796         1.4          2027     10       78       0        4        0                                                                                                                                        
                                                                  48.192420       -64.940000      0.138246         0.002757         0.240245         0.005470         0.386718         1.4          2027     10       81       0        4        0                                                                                                                                        
                                                                  56.064140       -64.940000      0.132326         0.004378         0.258957         0.005470         0.401132         1.4          2027     10       83       0        4        0                                                                                                                                        
                                                                  63.935860       -64.940000      0.127515         0.002591         0.285022         0.005470         0.420598         1.4          2027     10       86       0        4        0                                                                                                                                        
                                                                  71.807580       -64.940000      0.123804         0.002099         0.320592         0.005470         0.451966         1.4          2027     10       88       0        4        0                                                                                                                                        
                                                                  79.679300       -64.940000      0.120863         0.003806         0.368800         0.005470         0.498939         1.4          2027     10       90       0        4        0                                                                                                                                        
                                                                  87.551020       -64.940000      0.119174         0.002758         0.433816         0.005470         0.561217         1.4          2027     10       91       0        4        0                                                                                                                                        
                                                                  31.968360       -61.620000      0.153474         0.002062         0.200234         0.005470         0.361240         1.4          2027     10       76       0        4        0                                                                                                                                        
                                                                  38.976270       -61.620000      0.145592         0.001384         0.207042         0.005470         0.359488         1.4          2027     10       79       0        4        0                                                                                                                                        
                                                                  45.984180       -61.620000      0.138545         0.001722         0.217312         0.005470         0.363049         1.4          2027     10       82       0        4        0                                                                                                                                        
                                                                  52.992090       -61.620000      0.132519         0.002872         0.232519         0.005470         0.373381         1.4          2027     10       84       0        4        0                                                                                                                                        
                                                                  60.000000       -61.620000      0.127710         0.002109         0.252525         0.005470         0.387814         1.4          2027     10       87       0        4        0                                                                                                                                        
                                                                  67.007910       -61.620000      0.123652         0.000941         0.279974         0.005470         0.410037         1.4          2027     10       89       0        4        0                                                                                                                                        
                                                                  74.015820       -61.620000      0.120856         0.001352         0.316212         0.005470         0.443891         1.4          2027     10       91       0        4        0                                                                                                                                        
                                                                  81.023730       -61.620000      0.118992         0.002361         0.364299         0.005470         0.491123         1.4          2027     10       93       0        4        0                                                                                                                                        
                                                                  88.031640       -61.620000      0.117641         0.002768         0.429445         0.005470         0.555324         1.4          2027     10       94       0        4        0                                                                                                                                        
                                                                  31.493700       -58.300000      0.154826         0.001293         0.184839         0.005470         0.346428         1.4          2027     10       77       0        4        0                                                                                                                                        
                                                                  37.828430       -58.300000      0.146408         0.001768         0.190502         0.005470         0.344147         1.4          2027     10       80       0        4        0                                                                                                                                        
                                                                  44.163160       -58.300000      0.139245         0.001078         0.199292         0.005470         0.345085         1.4          2027     10       83       0        4        0                                                                                                                                        
                                                                  50.497900       -58.300000      0.133299         0.001599         0.211332         0.005470         0.351701         1.4          2027     10       85       0        4        0                                                                                                                                        
                                                                  56.832630       -58.300000      0.128512         0.001918         0.227367         0.005470         0.363267         1.4          2027     10       88       0        4        0                                                                                                                                        
                                                                  63.167370       -58.300000      0.124302         0.001159         0.248838         0.005470         0.379769         1.4          2027     10       90       0        4        0                                                                                                                                        
                                                                  69.502100       -58.300000      0.121663         0.000521         0.277238         0.005470         0.404891         1.4          2027     10       93       0        4        0                                                                                                                                        
                                                                  75.836840       -58.300000      0.119534         0.001519         0.314299         0.005470         0.440823         1.4          2027     10       94       0        4        0                                                                                                                                        
                                                                  82.171570       -58.300000      0.117884         0.002047         0.363063         0.005470         0.488464         1.4          2027     10       96       0        4        0                                                                                                                                        
                                                                  88.506300       -58.300000      0.116679         0.003868         0.428327         0.005470         0.554345         1.4          2027     10       97       0        4        0                                                                                                                                        
                                                                  31.011470       -54.980000      0.158894         0.001404         0.172279         0.005470         0.338047         1.4          2027     10       78       0        4        0                                                                                                                                        
                                                                  36.809180       -54.980000      0.148385         0.001467         0.177055         0.005470         0.332378         1.4          2027     10       81       0        4        0                                                                                                                                        
                                                                  42.606880       -54.980000      0.141191         0.001398         0.184444         0.005470         0.332503         1.4          2027     10       84       0        4        0                                                                                                                                        
                                                                  48.404590       -54.980000      0.134681         0.000785         0.194052         0.005470         0.334988         1.4          2027     10       86       0        4        0                                                                                                                                        
                                                                  54.202290       -54.980000      0.129633         0.000860         0.207604         0.005470         0.343567         1.4          2027     10       89       0        4        0                                                                                                                                        
                                                                  60.000000       -54.980000      0.125872         0.000858         0.224709         0.005470         0.356909         1.4          2027     10       92       0        4        0                                                                                                                                        
                                                                  65.797710       -54.980000      0.123034         0.000384         0.247618         0.005470         0.376506         1.4          2027     10       94       0        4        0                                                                                                                                        
                                                                  71.595410       -54.980000      0.120693         0.000619         0.276690         0.005470         0.403472         1.4          2027     10       96       0        4        0                                                                                                                                        
                                                                  77.393120       -54.980000      0.118812         0.001343         0.314852         0.005470         0.440477         1.4          2027     10       98       0        4        0                                                                                                                                        
                                                                  83.190820       -54.980000      0.117355         0.002578         0.364797         0.005470         0.490200         1.4          2027     10       99       0        4        0                                                                                                                                        
                                                                  88.988530       -54.980000      0.116287         0.004820         0.431385         0.005470         0.557963         1.4          2027     10       101      0        4        0                                                                                                                                        
                                                                  30.511950       -51.660000      0.161441         0.000906         0.162085         0.005470         0.329902         1.4          2027     10       78       0        4        0                                                                                                                                        
                                                                  35.873410       -51.660000      0.152758         0.001801         0.165772         0.005470         0.325802         1.4          2027     10       82       0        4        0                                                                                                                                        
                                                                  41.234880       -51.660000      0.145440         0.001531         0.172085         0.005470         0.324525         1.4          2027     10       85       0        4        0                                                                                                                                        
                                                                  46.596340       -51.660000      0.139429         0.001124         0.180153         0.005470         0.326177         1.4          2027     10       87       0        4        0                                                                                                                                        
                                                                  51.957800       -51.660000      0.131520         0.000771         0.191573         0.005470         0.329334         1.4          2027     10       90       0        4        0                                                                                                                                        
                                                                  57.319270       -51.660000      0.127963         0.000696         0.205766         0.005470         0.339895         1.4          2027     10       93       0        4        0                                                                                                                                        
                                                                  62.680730       -51.660000      0.124939         0.000976         0.224325         0.005470         0.355710         1.4          2027     10       95       0        4        0                                                                                                                                        
                                                                  68.042200       -51.660000      0.122409         0.000601         0.247991         0.005470         0.376471         1.4          2027     10       97       0        4        0                                                                                                                                        
                                                                  73.403660       -51.660000      0.120333         0.000577         0.278726         0.005470         0.405106         1.4          2027     10       99       0        4        0                                                                                                                                        
                                                                  78.765120       -51.660000      0.118670         0.000989         0.318366         0.005470         0.443495         1.4          2027     10       101      0        4        0                                                                                                                                        
                                                                  84.126590       -51.660000      0.117385         0.002125         0.370092         0.005470         0.495073         1.4          2027     10       103      0        4        0                                                                                                                                        
                                                                  89.488050       -51.660000      0.116445         0.003238         0.438923         0.005470         0.564076         1.4          2027     10       104      0        4        0                                                                                                                                        
                                                                  32.488610       -48.340000      0.159468         0.001064         0.154893         0.005470         0.320896         1.4          2027     10       81       0        4        0                                                                                                                                        
                                                                  37.490680       -48.340000      0.152048         0.000897         0.159167         0.005470         0.317581         1.4          2027     10       84       0        4        0                                                                                                                                        
                                                                  42.492750       -48.340000      0.144781         0.001901         0.165112         0.005470         0.317263         1.4          2027     10       87       0        4        0                                                                                                                                        
                                                                  47.494820       -48.340000      0.138821         0.001171         0.173405         0.005470         0.318867         1.4          2027     10       90       0        4        0                                                                                                                                        
                                                                  52.496890       -48.340000      0.134579         0.000539         0.184048         0.005470         0.324637         1.4          2027     10       92       0        4        0                                                                                                                                        
                                                                  57.498960       -48.340000      0.131086         0.000431         0.197581         0.005470         0.334568         1.4          2027     10       95       0        4        0                                                                                                                                        
                                                                  62.501040       -48.340000      0.128115         0.000781         0.215130         0.005470         0.349496         1.4          2027     10       97       0        4        0                                                                                                                                        
                                                                  67.503110       -48.340000      0.125624         0.000750         0.237315         0.005470         0.369160         1.4          2027     10       100      0        4        0                                                                                                                                        
                                                                  72.505180       -48.340000      0.121424         0.000947         0.265927         0.005470         0.393769         1.4          2027     10       102      0        4        0                                                                                                                                        
                                                                  77.507250       -48.340000      0.119773         0.000628         0.302153         0.005470         0.428023         1.4          2027     10       103      0        4        0                                                                                                                                        
                                                                  82.509320       -48.340000      0.118478         0.001884         0.349564         0.005470         0.475396         1.4          2027     10       105      0        4        0                                                                                                                                        
                                                                  87.511390       -48.340000      0.117508         0.004296         0.412202         0.005470         0.539476         1.4          2027     10       107      0        4        0                                                                                                                                        
                                                                  36.486220       -45.020000      0.155266         0.000997         0.151185         0.005470         0.312918         1.4          2027     10       85       0        4        0                                                                                                                                        
                                                                  41.188980       -45.020000      0.148002         0.001218         0.156336         0.005470         0.311027         1.4          2027     10       88       0        4        0                                                                                                                                        
                                                                  45.891730       -45.020000      0.142051         0.001024         0.163546         0.005470         0.312091         1.4          2027     10       91       0        4        0                                                                                                                                        
                                                                  50.594490       -45.020000      0.137761         0.001017         0.172742         0.005470         0.316990         1.4          2027     10       93       0        4        0                                                                                                                                        
                                                                  55.297240       -45.020000      0.134054         0.000593         0.184351         0.005470         0.324468         1.4          2027     10       96       0        4        0                                                                                                                                        
                                                                  60.000000       -45.020000      0.130884         0.000313         0.198956         0.005470         0.335623         1.4          2027     10       98       0        4        0                                                                                                                                        
                                                                  64.702760       -45.020000      0.128206         0.000850         0.217735         0.005470         0.352261         1.4          2027     10       101      0        4        0                                                                                                                                        
                                                                  69.405510       -45.020000      0.125974         0.000583         0.241379         0.005470         0.373407         1.4          2027     10       103      0        4        0                                                                                                                                        
                                                                  74.108270       -45.020000      0.124146         0.000836         0.271775         0.005470         0.402227         1.4          2027     10       105      0        4        0                                                                                                                                        
                                                                  78.811020       -45.020000      0.122680         0.001592         0.310252         0.005470         0.439995         1.4          2027     10       107      0        4        0                                                                                                                                        
                                                                  83.513780       -45.020000      0.121539         0.002084         0.360587         0.005470         0.489681         1.4          2027     10       108      0        4        0                                                                                                                                        
                                                                  39.968550       -41.700000      0.152008         0.001071         0.149000         0.005470         0.307549         1.4          2027     10       89       0        4        0                                                                                                                                        
                                                                  44.419980       -41.700000      0.146116         0.000651         0.155354         0.005470         0.307591         1.4          2027     10       91       0        4        0                                                                                                                                        
                                                                  48.871420       -41.700000      0.141554         0.000744         0.163417         0.005470         0.311185         1.4          2027     10       94       0        4        0                                                                                                                                        
                                                                  53.322850       -41.700000      0.137600         0.000632         0.173538         0.005470         0.317240         1.4          2027     10       97       0        4        0                                                                                                                                        
                                                                  57.774280       -41.700000      0.134206         0.000649         0.186187         0.005470         0.326511         1.4          2027     10       99       0        4        0                                                                                                                                        
                                                                  62.225720       -41.700000      0.131322         0.000648         0.202385         0.005470         0.339825         1.4          2027     10       102      0        4        0                                                                                                                                        
                                                                  66.677150       -41.700000      0.128902         0.001425         0.222600         0.005470         0.358398         1.4          2027     10       104      0        4        0                                                                                                                                        
                                                                  71.128580       -41.700000      0.126901         0.000863         0.248009         0.005470         0.381243         1.4          2027     10       106      0        4        0                                                                                                                                        
                                                                  75.580020       -41.700000      0.125277         0.001064         0.280242         0.005470         0.412052         1.4          2027     10       108      0        4        0                                                                                                                                        
                                                                  80.031450       -41.700000      0.123988         0.001218         0.321984         0.005470         0.452660         1.4          2027     10       110      0        4        0                                                                                                                                        
                                                                  43.043240       -38.380000      0.150891         0.001229         0.148545         0.005470         0.306136         1.4          2027     10       92       0        4        0                                                                                                                                        
                                                                  47.282430       -38.380000      0.146005         0.001203         0.155708         0.005470         0.308386         1.4          2027     10       95       0        4        0                                                                                                                                        
                                                                  51.521620       -38.380000      0.141763         0.001081         0.164659         0.005470         0.312974         1.4          2027     10       98       0        4        0                                                                                                                                        
                                                                  55.760810       -38.380000      0.138110         0.000549         0.175787         0.005470         0.319915         1.4          2027     10       100      0        4        0                                                                                                                                        
                                                                  60.000000       -38.380000      0.134994         0.000289         0.189998         0.005470         0.330752         1.4          2027     10       103      0        4        0                                                                                                                                        
                                                                  64.239190       -38.380000      0.132367         0.001518         0.207212         0.005470         0.346567         1.4          2027     10       105      0        4        0                                                                                                                                        
                                                                  68.478380       -38.380000      0.130180         0.001188         0.229152         0.005470         0.365990         1.4          2027     10       108      0        4        0                                                                                                                                        
                                                                  72.717570       -38.380000      0.128390         0.001036         0.256730         0.005470         0.391625         1.4          2027     10       110      0        4        0                                                                                                                                        
                                                                  76.956760       -38.380000      0.126952         0.001505         0.292142         0.005470         0.426068         1.4          2027     10       112      0        4        0                                                                                                                                        
                                                                  45.792350       -35.060000      0.153490         0.001264         0.149349         0.005470         0.309573         1.4          2027     10       96       0        4        0                                                                                                                                        
                                                                  49.851680       -35.060000      0.148905         0.001016         0.157370         0.005470         0.312760         1.4          2027     10       99       0        4        0                                                                                                                                        
                                                                  53.911010       -35.060000      0.142649         0.000870         0.167298         0.005470         0.316287         1.4          2027     10       101      0        4        0                                                                                                                                        
                                                                  57.970340       -35.060000      0.139265         0.000646         0.179958         0.005470         0.325340         1.4          2027     10       104      0        4        0                                                                                                                                        
                                                                  62.029660       -35.060000      0.136401         0.000559         0.195150         0.005470         0.337581         1.4          2027     10       106      0        4        0                                                                                                                                        
                                                                  66.088990       -35.060000      0.134007         0.001754         0.214433         0.005470         0.355663         1.4          2027     10       109      0        4        0                                                                                                                                        
                                                                  70.148320       -35.060000      0.132033         0.002147         0.238478         0.005470         0.378129         1.4          2027     10       111      0        4        0                                                                                                                                        
                                                                  74.207650       -35.060000      0.130435         0.001601         0.268752         0.005470         0.406259         1.4          2027     10       113      0        4        0                                                                                                                                        
                                                                  48.279790       -31.740000      0.154325         0.000892         0.151806         0.005470         0.312493         1.4          2027     10       99       0        4        0                                                                                                                                        
                                                                  52.186530       -31.740000      0.150018         0.000969         0.160779         0.005470         0.317236         1.4          2027     10       102      0        4        0                                                                                                                                        
                                                                  56.093260       -31.740000      0.146329         0.000413         0.171824         0.005470         0.324036         1.4          2027     10       105      0        4        0                                                                                                                                        
                                                                  60.000000       -31.740000      0.143199         0.000462         0.185822         0.005470         0.334954         1.4          2027     10       107      0        4        0                                                                                                                                        
                                                                  63.906740       -31.740000      0.140574         0.001902         0.202653         0.005470         0.350599         1.4          2027     10       110      0        4        0                                                                                                                                        
                                                                  67.813470       -31.740000      0.138402         0.001315         0.223983         0.005470         0.369170         1.4          2027     10       112      0        4        0                                                                                                                                        
                                                                  71.720210       -31.740000      0.136631         0.001176         0.250637         0.005470         0.393915         1.4          2027     10       114      0        4        0                                                                                                                                        
                                                                  50.556350       -28.420000      0.155869         0.000875         0.155599         0.005470         0.317812         1.4          2027     10       103      0        4        0                                                                                                                                        
                                                                  54.333810       -28.420000      0.151815         0.000702         0.165668         0.005470         0.323654         1.4          2027     10       106      0        4        0                                                                                                                                        
                                                                  58.111270       -28.420000      0.148367         0.000519         0.178027         0.005470         0.332383         1.4          2027     10       108      0        4        0                                                                                                                                        
                                                                  61.888730       -28.420000      0.145467         0.001641         0.193631         0.005470         0.346209         1.4          2027     10       111      0        4        0                                                                                                                                        
                                                                  65.666190       -28.420000      0.143057         0.002034         0.212461         0.005470         0.363022         1.4          2027     10       113      0        4        0                                                                                                                                        
                                                                  69.443650       -28.420000      0.141084         0.001804         0.236324         0.005470         0.384682         1.4          2027     10       116      0        4        0                                                                                                                                        
                                                                  52.663160       -25.100000      0.160437         0.000865         0.160872         0.005470         0.327644         1.4          2027     10       106      0        4        0                                                                                                                                        
                                                                  56.331580       -25.100000      0.156627         0.000633         0.172238         0.005470         0.334968         1.4          2027     10       109      0        4        0                                                                                                                                        
                                                                  60.000000       -25.100000      0.151063         0.001479         0.186567         0.005470         0.344579         1.4          2027     10       112      0        4        0                                                                                                                                        
                                                                  63.668420       -25.100000      0.148374         0.002260         0.203745         0.005470         0.359849         1.4          2027     10       114      0        4        0                                                                                                                                        
                                                                  67.336840       -25.100000      0.146162         0.002427         0.225440         0.005470         0.379499         1.4          2027     10       117      0        4        0                                                                                                                                        
                                                                  54.634210       -21.780000      0.163185         0.001661         0.168240         0.005470         0.338555         1.4          2027     10       110      0        4        0                                                                                                                                        
                                                                  58.211400       -21.780000      0.159589         0.003092         0.181172         0.005470         0.349323         1.4          2027     10       112      0        4        0                                                                                                                                        
                                                                  61.788600       -21.780000      0.156583         0.002651         0.197053         0.005470         0.361756         1.4          2027     10       115      0        4        0                                                                                                                                        
                                                                  65.365790       -21.780000      0.154101         0.001314         0.217058         0.005470         0.377944         1.4          2027     10       118      0        4        0                                                                                                                                        
                                                                  56.498110       -18.460000      0.169061         0.006533         0.177240         0.005470         0.358304         1.4          2027     10       113      0        4        0                                                                                                                                        
                                                                  60.000000       -18.460000      0.165674         0.001771         0.192494         0.005470         0.365410         1.4          2027     10       116      0        4        0                                                                                                                                        
                                                                  63.501890       -18.460000      0.160446         0.001855         0.210796         0.005470         0.378567         1.4          2027     10       118      0        4        0                                                                                                                                        
                                                                  56.558970       -15.140000      0.174920         0.002490         0.181705         0.005470         0.364585         1.4          2027     10       115      0        4        0                                                                                                                                        
                                                                  60.000000       -15.140000      0.171385         0.002460         0.197293         0.005470         0.376608         1.4          2027     10       118      0        4        0                                                                                                                                        
                                                                  63.441030       -15.140000      0.168462         0.002936         0.216887         0.005470         0.393755         1.4          2027     10       120      0        4        0                                                                                                                                        