# \Rows = 155
# \Cols = 13
# \Coordinate system = equ
# \Equinox = J2000
# \Coordinate format = degree
# \objname is name or coordinates
# \ra is right ascension in degrees J2000
# \dec is declination in degrees J2000
# \zody is zodiacal light, unit = MJy/sr; it is median in viewing zone if ido_view = 1
# \ism is interstellar light, unit = MJy/sr
# \stars is stellar light, unit = MJy/sr
# \cib is cosmic infrared background, unit = MJy/sr
# \totbg is total background, unit = MJy/sr
# \wavelength in microns
# \year
# \day is day of year, or -999 if ido_view = 1
# \selon is solar elongation in deg, or -999 if ido_view = 1
# \obsloc is observing location, 0=L2, 3=Earth orbit
# \obsver is code version
# \ido_view if 1 then use median zodiacal in view range
# |objname                                                         |ra             |dec            |zody            |ism             |stars           |cib             |totbg           |wavelength  |year    |day     |selon   |obsloc  |obsver  |ido_view|errmsg                                                                                                                          |
# |char                                                            |double         |double         |double          |double          |double          |double          |double          |float       |char    |char    |int     |char    |char    |char    |char                                                                                                                            |
# |                                                                |deg            |deg            |MJy/sr          |MJy/sr          |MJy/sr          |MJy/sr          |MJy/sr          |microns     |        |        |deg     |        |        |        |                                                                                                                                |
                                                                  39.316320       -84.860000      0.158096         0.006324         0.477601         0.005470         0.647491         1.4          2027     300      83       0        4        0                                                                                                                                        
                                                                  80.683680       -84.860000      0.159186         0.009065         0.550012         0.005470         0.723733         1.4          2027     300      81       0        4        0                                                                                                                                        
                                                                  36.532830       -81.540000      0.151691         0.005164         0.403864         0.005470         0.566189         1.4          2027     300      86       0        4        0                                                                                                                                        
                                                                  60.000000       -81.540000      0.151016         0.004112         0.442131         0.005470         0.602729         1.4          2027     300      85       0        4        0                                                                                                                                        
                                                                  83.467170       -81.540000      0.152858         0.008612         0.517241         0.005470         0.684181         1.4          2027     300      83       0        4        0                                                                                                                                        
                                                                  35.115910       -78.220000      0.146780         0.003659         0.347705         0.005470         0.503614         1.4          2027     300      89       0        4        0                                                                                                                                        
                                                                  51.705300       -78.220000      0.145373         0.009434         0.372481         0.005470         0.532758         1.4          2027     300      89       0        4        0                                                                                                                                        
                                                                  68.294700       -78.220000      0.145874         0.004601         0.418598         0.005470         0.574544         1.4          2027     300      87       0        4        0                                                                                                                                        
                                                                  84.884090       -78.220000      0.148343         0.010583         0.491254         0.005470         0.655650         1.4          2027     300      85       0        4        0                                                                                                                                        
                                                                  34.202690       -74.900000      0.143961         0.002321         0.303825         0.005470         0.455577         1.4          2027     300      93       0        4        0                                                                                                                                        
                                                                  47.101350       -74.900000      0.141967         0.004112         0.321533         0.005470         0.473082         1.4          2027     300      92       0        4        0                                                                                                                                        
                                                                  60.000000       -74.900000      0.140965         0.008001         0.352672         0.005470         0.507108         1.4          2027     300      91       0        4        0                                                                                                                                        
                                                                  72.898650       -74.900000      0.141909         0.006662         0.400446         0.005470         0.554487         1.4          2027     300      89       0        4        0                                                                                                                                        
                                                                  85.797310       -74.900000      0.144586         0.006196         0.470376         0.005470         0.626628         1.4          2027     300      86       0        4        0                                                                                                                                        
                                                                  33.521010       -71.580000      0.142271         0.001778         0.268915         0.005470         0.418435         1.4          2027     300      96       0        4        0                                                                                                                                        
                                                                  44.112600       -71.580000      0.140159         0.001983         0.282246         0.005470         0.429858         1.4          2027     300      96       0        4        0                                                                                                                                        
                                                                  54.704200       -71.580000      0.138791         0.002175         0.304886         0.005470         0.451322         1.4          2027     300      94       0        4        0                                                                                                                                        
                                                                  65.295800       -71.580000      0.138225         0.007442         0.338284         0.005470         0.489420         1.4          2027     300      93       0        4        0                                                                                                                                        
                                                                  75.887400       -71.580000      0.138526         0.008273         0.386260         0.005470         0.538529         1.4          2027     300      91       0        4        0                                                                                                                                        
                                                                  86.478990       -71.580000      0.141023         0.009922         0.454292         0.005470         0.610707         1.4          2027     300      88       0        4        0                                                                                                                                        
                                                                  32.955670       -68.260000      0.141214         0.002109         0.241076         0.005470         0.389869         1.4          2027     300      99       0        4        0                                                                                                                                        
                                                                  41.970450       -68.260000      0.139023         0.002658         0.251473         0.005470         0.398625         1.4          2027     300      99       0        4        0                                                                                                                                        
                                                                  50.985220       -68.260000      0.137410         0.002517         0.268331         0.005470         0.413728         1.4          2027     300      98       0        4        0                                                                                                                                        
                                                                  60.000000       -68.260000      0.136414         0.006412         0.293095         0.005470         0.441391         1.4          2027     300      97       0        4        0                                                                                                                                        
                                                                  69.014780       -68.260000      0.136092         0.003600         0.327965         0.005470         0.473127         1.4          2027     300      95       0        4        0                                                                                                                                        
                                                                  78.029550       -68.260000      0.136510         0.028667         0.375815         0.005470         0.546462         1.4          2027     300      93       0        4        0                                                                                                                                        
                                                                  87.044330       -68.260000      0.137725         0.018989         0.442189         0.005470         0.604373         1.4          2027     300      90       0        4        0                                                                                                                                        
                                                                  32.448980       -64.940000      0.143673         0.001696         0.218698         0.005470         0.369537         1.4          2027     300      103      0        4        0                                                                                                                                        
                                                                  40.320700       -64.940000      0.138529         0.001554         0.227024         0.005470         0.372577         1.4          2027     300      102      0        4        0                                                                                                                                        
                                                                  48.192420       -64.940000      0.136742         0.002757         0.240245         0.005470         0.385215         1.4          2027     300      102      0        4        0                                                                                                                                        
                                                                  56.064140       -64.940000      0.135441         0.004378         0.258957         0.005470         0.404247         1.4          2027     300      100      0        4        0                                                                                                                                        
                                                                  63.935860       -64.940000      0.134669         0.002591         0.285022         0.005470         0.427752         1.4          2027     300      99       0        4        0                                                                                                                                        
                                                                  71.807580       -64.940000      0.134482         0.002099         0.320592         0.005470         0.462644         1.4          2027     300      97       0        4        0                                                                                                                                        
                                                                  79.679300       -64.940000      0.134948         0.003806         0.368800         0.005470         0.513024         1.4          2027     300      94       0        4        0                                                                                                                                        
                                                                  87.551020       -64.940000      0.136126         0.002758         0.433816         0.005470         0.578170         1.4          2027     300      92       0        4        0                                                                                                                                        
                                                                  31.968360       -61.620000      0.143695         0.002062         0.200234         0.005470         0.351461         1.4          2027     300      106      0        4        0                                                                                                                                        
                                                                  38.976270       -61.620000      0.141497         0.001384         0.207042         0.005470         0.355393         1.4          2027     300      106      0        4        0                                                                                                                                        
                                                                  45.984180       -61.620000      0.136740         0.001722         0.217312         0.005470         0.361244         1.4          2027     300      105      0        4        0                                                                                                                                        
                                                                  52.992090       -61.620000      0.135212         0.002872         0.232519         0.005470         0.376074         1.4          2027     300      104      0        4        0                                                                                                                                        
                                                                  60.000000       -61.620000      0.134106         0.002109         0.252525         0.005470         0.394210         1.4          2027     300      102      0        4        0                                                                                                                                        
                                                                  67.007910       -61.620000      0.133466         0.000941         0.279974         0.005470         0.419851         1.4          2027     300      101      0        4        0                                                                                                                                        
                                                                  74.015820       -61.620000      0.133350         0.001352         0.316212         0.005470         0.456384         1.4          2027     300      99       0        4        0                                                                                                                                        
                                                                  81.023730       -61.620000      0.133822         0.002361         0.364299         0.005470         0.505953         1.4          2027     300      96       0        4        0                                                                                                                                        
                                                                  88.031640       -61.620000      0.134947         0.002768         0.429445         0.005470         0.572630         1.4          2027     300      93       0        4        0                                                                                                                                        
                                                                  31.493700       -58.300000      0.144327         0.001293         0.184839         0.005470         0.335929         1.4          2027     300      109      0        4        0                                                                                                                                        
                                                                  37.828430       -58.300000      0.142082         0.001768         0.190502         0.005470         0.339822         1.4          2027     300      109      0        4        0                                                                                                                                        
                                                                  44.163160       -58.300000      0.140151         0.001078         0.199292         0.005470         0.345990         1.4          2027     300      108      0        4        0                                                                                                                                        
                                                                  50.497900       -58.300000      0.138541         0.001599         0.211332         0.005470         0.356942         1.4          2027     300      107      0        4        0                                                                                                                                        
                                                                  56.832630       -58.300000      0.134305         0.001918         0.227367         0.005470         0.369060         1.4          2027     300      106      0        4        0                                                                                                                                        
                                                                  63.167370       -58.300000      0.133318         0.001159         0.248838         0.005470         0.388785         1.4          2027     300      104      0        4        0                                                                                                                                        
                                                                  69.502100       -58.300000      0.132753         0.000521         0.277238         0.005470         0.415981         1.4          2027     300      102      0        4        0                                                                                                                                        
                                                                  75.836840       -58.300000      0.132667         0.001519         0.314299         0.005470         0.453955         1.4          2027     300      100      0        4        0                                                                                                                                        
                                                                  82.171570       -58.300000      0.133123         0.002047         0.363063         0.005470         0.503703         1.4          2027     300      98       0        4        0                                                                                                                                        
                                                                  88.506300       -58.300000      0.134185         0.003868         0.428327         0.005470         0.571851         1.4          2027     300      95       0        4        0                                                                                                                                        
                                                                  31.011470       -54.980000      0.145569         0.001404         0.172279         0.005470         0.324722         1.4          2027     300      113      0        4        0                                                                                                                                        
                                                                  36.809180       -54.980000      0.143278         0.001467         0.177055         0.005470         0.327271         1.4          2027     300      112      0        4        0                                                                                                                                        
                                                                  42.606880       -54.980000      0.141248         0.001398         0.184444         0.005470         0.332560         1.4          2027     300      112      0        4        0                                                                                                                                        
                                                                  48.404590       -54.980000      0.139485         0.000785         0.194052         0.005470         0.339792         1.4          2027     300      111      0        4        0                                                                                                                                        
                                                                  54.202290       -54.980000      0.138004         0.000860         0.207604         0.005470         0.351938         1.4          2027     300      110      0        4        0                                                                                                                                        
                                                                  60.000000       -54.980000      0.133943         0.000858         0.224709         0.005470         0.364980         1.4          2027     300      108      0        4        0                                                                                                                                        
                                                                  65.797710       -54.980000      0.133026         0.000384         0.247618         0.005470         0.386498         1.4          2027     300      106      0        4        0                                                                                                                                        
                                                                  71.595410       -54.980000      0.132498         0.000619         0.276690         0.005470         0.415278         1.4          2027     300      104      0        4        0                                                                                                                                        
                                                                  77.393120       -54.980000      0.132418         0.001343         0.314852         0.005470         0.454082         1.4          2027     300      102      0        4        0                                                                                                                                        
                                                                  83.190820       -54.980000      0.132845         0.002578         0.364797         0.005470         0.505691         1.4          2027     300      99       0        4        0                                                                                                                                        
                                                                  88.988530       -54.980000      0.133844         0.004820         0.431385         0.005470         0.575519         1.4          2027     300      97       0        4        0                                                                                                                                        
                                                                  30.511950       -51.660000      0.147419         0.000906         0.162085         0.005470         0.315880         1.4          2027     300      116      0        4        0                                                                                                                                        
                                                                  35.873410       -51.660000      0.145080         0.001801         0.165772         0.005470         0.318123         1.4          2027     300      116      0        4        0                                                                                                                                        
                                                                  41.234880       -51.660000      0.142961         0.001531         0.172085         0.005470         0.322047         1.4          2027     300      115      0        4        0                                                                                                                                        
                                                                  46.596340       -51.660000      0.141064         0.001124         0.180153         0.005470         0.327812         1.4          2027     300      114      0        4        0                                                                                                                                        
                                                                  51.957800       -51.660000      0.139402         0.000771         0.191573         0.005470         0.337217         1.4          2027     300      113      0        4        0                                                                                                                                        
                                                                  57.319270       -51.660000      0.137995         0.000696         0.205766         0.005470         0.349927         1.4          2027     300      112      0        4        0                                                                                                                                        
                                                                  62.680730       -51.660000      0.136874         0.000976         0.224325         0.005470         0.367645         1.4          2027     300      110      0        4        0                                                                                                                                        
                                                                  68.042200       -51.660000      0.133195         0.000601         0.247991         0.005470         0.387257         1.4          2027     300      108      0        4        0                                                                                                                                        
                                                                  73.403660       -51.660000      0.132683         0.000577         0.278726         0.005470         0.417456         1.4          2027     300      106      0        4        0                                                                                                                                        
                                                                  78.765120       -51.660000      0.132594         0.000989         0.318366         0.005470         0.457419         1.4          2027     300      104      0        4        0                                                                                                                                        
                                                                  84.126590       -51.660000      0.132988         0.002125         0.370092         0.005470         0.510675         1.4          2027     300      101      0        4        0                                                                                                                                        
                                                                  89.488050       -51.660000      0.133928         0.003238         0.438923         0.005470         0.581559         1.4          2027     300      98       0        4        0                                                                                                                                        
                                                                  32.488610       -48.340000      0.151540         0.001064         0.154893         0.005470         0.312967         1.4          2027     300      119      0        4        0                                                                                                                                        
                                                                  37.490680       -48.340000      0.146360         0.000897         0.159167         0.005470         0.311894         1.4          2027     300      119      0        4        0                                                                                                                                        
                                                                  42.492750       -48.340000      0.144250         0.001901         0.165112         0.005470         0.316732         1.4          2027     300      118      0        4        0                                                                                                                                        
                                                                  47.494820       -48.340000      0.142331         0.001171         0.173405         0.005470         0.322376         1.4          2027     300      117      0        4        0                                                                                                                                        
                                                                  52.496890       -48.340000      0.140614         0.000539         0.184048         0.005470         0.330672         1.4          2027     300      116      0        4        0                                                                                                                                        
                                                                  57.498960       -48.340000      0.139121         0.000431         0.197581         0.005470         0.342603         1.4          2027     300      115      0        4        0                                                                                                                                        
                                                                  62.501040       -48.340000      0.137882         0.000781         0.215130         0.005470         0.359263         1.4          2027     300      113      0        4        0                                                                                                                                        
                                                                  67.503110       -48.340000      0.136933         0.000750         0.237315         0.005470         0.380468         1.4          2027     300      111      0        4        0                                                                                                                                        
                                                                  72.505180       -48.340000      0.136315         0.000947         0.265927         0.005470         0.408659         1.4          2027     300      109      0        4        0                                                                                                                                        
                                                                  77.507250       -48.340000      0.133188         0.000628         0.302153         0.005470         0.441439         1.4          2027     300      106      0        4        0                                                                                                                                        
                                                                  82.509320       -48.340000      0.133311         0.001884         0.349564         0.005470         0.490229         1.4          2027     300      104      0        4        0                                                                                                                                        
                                                                  87.511390       -48.340000      0.133930         0.004296         0.412202         0.005470         0.555898         1.4          2027     300      101      0        4        0                                                                                                                                        
                                                                  36.486220       -45.020000      0.152110         0.000997         0.151185         0.005470         0.309762         1.4          2027     300      122      0        4        0                                                                                                                                        
                                                                  41.188980       -45.020000      0.149999         0.001218         0.156336         0.005470         0.313023         1.4          2027     300      122      0        4        0                                                                                                                                        
                                                                  45.891730       -45.020000      0.145076         0.001024         0.163546         0.005470         0.315116         1.4          2027     300      121      0        4        0                                                                                                                                        
                                                                  50.594490       -45.020000      0.143200         0.001017         0.172742         0.005470         0.322429         1.4          2027     300      120      0        4        0                                                                                                                                        
                                                                  55.297240       -45.020000      0.141514         0.000593         0.184351         0.005470         0.331928         1.4          2027     300      118      0        4        0                                                                                                                                        
                                                                  60.000000       -45.020000      0.140040         0.000313         0.198956         0.005470         0.344779         1.4          2027     300      117      0        4        0                                                                                                                                        
                                                                  64.702760       -45.020000      0.138809         0.000850         0.217735         0.005470         0.362864         1.4          2027     300      115      0        4        0                                                                                                                                        
                                                                  69.405510       -45.020000      0.137859         0.000583         0.241379         0.005470         0.385292         1.4          2027     300      113      0        4        0                                                                                                                                        
                                                                  74.108270       -45.020000      0.137235         0.000836         0.271775         0.005470         0.415316         1.4          2027     300      110      0        4        0                                                                                                                                        
                                                                  78.811020       -45.020000      0.136984         0.001592         0.310252         0.005470         0.454298         1.4          2027     300      108      0        4        0                                                                                                                                        
                                                                  83.513780       -45.020000      0.137161         0.002084         0.360587         0.005470         0.505302         1.4          2027     300      105      0        4        0                                                                                                                                        
                                                                  39.968550       -41.700000      0.153271         0.001071         0.149000         0.005470         0.308812         1.4          2027     300      125      0        4        0                                                                                                                                        
                                                                  44.419980       -41.700000      0.151193         0.000651         0.155354         0.005470         0.312669         1.4          2027     300      124      0        4        0                                                                                                                                        
                                                                  48.871420       -41.700000      0.149263         0.000744         0.163417         0.005470         0.318894         1.4          2027     300      123      0        4        0                                                                                                                                        
                                                                  53.322850       -41.700000      0.144549         0.000632         0.173538         0.005470         0.324189         1.4          2027     300      122      0        4        0                                                                                                                                        
                                                                  57.774280       -41.700000      0.142867         0.000649         0.186187         0.005470         0.335173         1.4          2027     300      120      0        4        0                                                                                                                                        
                                                                  62.225720       -41.700000      0.141394         0.000648         0.202385         0.005470         0.349897         1.4          2027     300      119      0        4        0                                                                                                                                        
                                                                  66.677150       -41.700000      0.140160         0.001425         0.222600         0.005470         0.369656         1.4          2027     300      116      0        4        0                                                                                                                                        
                                                                  71.128580       -41.700000      0.139204         0.000863         0.248009         0.005470         0.393546         1.4          2027     300      114      0        4        0                                                                                                                                        
                                                                  75.580020       -41.700000      0.138569         0.001064         0.280242         0.005470         0.425344         1.4          2027     300      112      0        4        0                                                                                                                                        
                                                                  80.031450       -41.700000      0.138305         0.001218         0.321984         0.005470         0.466977         1.4          2027     300      109      0        4        0                                                                                                                                        
                                                                  43.043240       -38.380000      0.154957         0.001229         0.148545         0.005470         0.310201         1.4          2027     300      128      0        4        0                                                                                                                                        
                                                                  47.282430       -38.380000      0.152877         0.001203         0.155708         0.005470         0.315258         1.4          2027     300      127      0        4        0                                                                                                                                        
                                                                  51.521620       -38.380000      0.150936         0.001081         0.164659         0.005470         0.322147         1.4          2027     300      126      0        4        0                                                                                                                                        
                                                                  55.760810       -38.380000      0.149151         0.000549         0.175787         0.005470         0.330957         1.4          2027     300      124      0        4        0                                                                                                                                        
                                                                  60.000000       -38.380000      0.147544         0.000289         0.189998         0.005470         0.343302         1.4          2027     300      122      0        4        0                                                                                                                                        
                                                                  64.239190       -38.380000      0.143169         0.001518         0.207212         0.005470         0.357369         1.4          2027     300      120      0        4        0                                                                                                                                        
                                                                  68.478380       -38.380000      0.141927         0.001188         0.229152         0.005470         0.377737         1.4          2027     300      118      0        4        0                                                                                                                                        
                                                                  72.717570       -38.380000      0.140964         0.001036         0.256730         0.005470         0.404200         1.4          2027     300      116      0        4        0                                                                                                                                        
                                                                  76.956760       -38.380000      0.140324         0.001505         0.292142         0.005470         0.439440         1.4          2027     300      113      0        4        0                                                                                                                                        
                                                                  45.792350       -35.060000      0.157119         0.001264         0.149349         0.005470         0.313202         1.4          2027     300      130      0        4        0                                                                                                                                        
                                                                  49.851680       -35.060000      0.155016         0.001016         0.157370         0.005470         0.318871         1.4          2027     300      129      0        4        0                                                                                                                                        
                                                                  53.911010       -35.060000      0.153046         0.000870         0.167298         0.005470         0.326684         1.4          2027     300      128      0        4        0                                                                                                                                        
                                                                  57.970340       -35.060000      0.151231         0.000646         0.179958         0.005470         0.337306         1.4          2027     300      126      0        4        0                                                                                                                                        
                                                                  62.029660       -35.060000      0.149598         0.000559         0.195150         0.005470         0.350778         1.4          2027     300      124      0        4        0                                                                                                                                        
                                                                  66.088990       -35.060000      0.148177         0.001754         0.214433         0.005470         0.369833         1.4          2027     300      122      0        4        0                                                                                                                                        
                                                                  70.148320       -35.060000      0.144109         0.002147         0.238478         0.005470         0.390205         1.4          2027     300      119      0        4        0                                                                                                                                        
                                                                  74.207650       -35.060000      0.143143         0.001601         0.268752         0.005470         0.418967         1.4          2027     300      117      0        4        0                                                                                                                                        
                                                                  48.279790       -31.740000      0.164418         0.000892         0.151806         0.005470         0.322586         1.4          2027     300      133      0        4        0                                                                                                                                        
                                                                  52.186530       -31.740000      0.160511         0.000969         0.160779         0.005470         0.327729         1.4          2027     300      131      0        4        0                                                                                                                                        
                                                                  56.093260       -31.740000      0.155577         0.000413         0.171824         0.005470         0.333284         1.4          2027     300      130      0        4        0                                                                                                                                        
                                                                  60.000000       -31.740000      0.153728         0.000462         0.185822         0.005470         0.345483         1.4          2027     300      128      0        4        0                                                                                                                                        
                                                                  63.906740       -31.740000      0.152065         0.001902         0.202653         0.005470         0.362091         1.4          2027     300      125      0        4        0                                                                                                                                        
                                                                  67.813470       -31.740000      0.150622         0.001315         0.223983         0.005470         0.381391         1.4          2027     300      123      0        4        0                                                                                                                                        
                                                                  71.720210       -31.740000      0.149434         0.001176         0.250637         0.005470         0.406717         1.4          2027     300      121      0        4        0                                                                                                                                        
                                                                  50.556350       -28.420000      0.167211         0.000875         0.155599         0.005470         0.329155         1.4          2027     300      135      0        4        0                                                                                                                                        
                                                                  54.333810       -28.420000      0.165142         0.000702         0.165668         0.005470         0.336981         1.4          2027     300      133      0        4        0                                                                                                                                        
                                                                  58.111270       -28.420000      0.163208         0.000519         0.178027         0.005470         0.347224         1.4          2027     300      131      0        4        0                                                                                                                                        
                                                                  61.888730       -28.420000      0.159560         0.001641         0.193631         0.005470         0.360301         1.4          2027     300      129      0        4        0                                                                                                                                        
                                                                  65.666190       -28.420000      0.154953         0.002034         0.212461         0.005470         0.374917         1.4          2027     300      127      0        4        0                                                                                                                                        
                                                                  69.443650       -28.420000      0.153495         0.001804         0.236324         0.005470         0.397094         1.4          2027     300      124      0        4        0                                                                                                                                        
                                                                  52.663160       -25.100000      0.173353         0.000865         0.160872         0.005470         0.340560         1.4          2027     300      137      0        4        0                                                                                                                                        
                                                                  56.331580       -25.100000      0.168282         0.000633         0.172238         0.005470         0.346623         1.4          2027     300      135      0        4        0                                                                                                                                        
                                                                  60.000000       -25.100000      0.166291         0.001479         0.186567         0.005470         0.359807         1.4          2027     300      133      0        4        0                                                                                                                                        
                                                                  63.668420       -25.100000      0.164473         0.002260         0.203745         0.005470         0.375948         1.4          2027     300      130      0        4        0                                                                                                                                        
                                                                  67.336840       -25.100000      0.162860         0.002427         0.225440         0.005470         0.396197         1.4          2027     300      128      0        4        0                                                                                                                                        
                                                                  54.634210       -21.780000      0.176735         0.001661         0.168240         0.005470         0.352106         1.4          2027     300      138      0        4        0                                                                                                                                        
                                                                  58.211400       -21.780000      0.174641         0.003092         0.181172         0.005470         0.364375         1.4          2027     300      136      0        4        0                                                                                                                                        
                                                                  61.788600       -21.780000      0.172705         0.002651         0.197053         0.005470         0.377878         1.4          2027     300      134      0        4        0                                                                                                                                        
                                                                  65.365790       -21.780000      0.167951         0.001314         0.217058         0.005470         0.391794         1.4          2027     300      132      0        4        0                                                                                                                                        
                                                                  56.498110       -18.460000      0.183409         0.006533         0.177240         0.005470         0.372652         1.4          2027     300      140      0        4        0                                                                                                                                        
                                                                  60.000000       -18.460000      0.178396         0.001771         0.192494         0.005470         0.378132         1.4          2027     300      138      0        4        0                                                                                                                                        
                                                                  63.501890       -18.460000      0.176413         0.001855         0.210796         0.005470         0.394534         1.4          2027     300      135      0        4        0                                                                                                                                        
                                                                  56.558970       -15.140000      0.191370         0.002490         0.181705         0.005470         0.381035         1.4          2027     300      142      0        4        0                                                                                                                                        
                                                                  60.000000       -15.140000      0.186333         0.002460         0.197293         0.005470         0.391556         1.4          2027     300      140      0        4        0                                                                                                                                        
                                                                  63.441030       -15.140000      0.184331         0.002936         0.216887         0.005470         0.409624         1.4          2027     300      137      0        4        0                                                                                                                                        