# \Rows = 155
# \Cols = 13
# \Coordinate system = equ
# \Equinox = J2000
# \Coordinate format = degree
# \objname is name or coordinates
# \ra is right ascension in degrees J2000
# \dec is declination in degrees J2000
# \zody is zodiacal light, unit = MJy/sr; it is median in viewing zone if ido_view = 1
# \ism is interstellar light, unit = MJy/sr
# \stars is stellar light, unit = MJy/sr
# \cib is cosmic infrared background, unit = MJy/sr
# \totbg is total background, unit = MJy/sr
# \wavelength in microns
# \year
# \day is day of year, or -999 if ido_view = 1
# \selon is solar elongation in deg, or -999 if ido_view = 1
# \obsloc is observing location, 0=L2, 3=Earth orbit
# \obsver is code version
# \ido_view if 1 then use median zodiacal in view range
# |objname                                                         |ra             |dec            |zody            |ism             |stars           |cib             |totbg           |wavelength  |year    |day     |selon   |obsloc  |obsver  |ido_view|errmsg                                                                                                                          |
# |char                                                            |double         |double         |double          |double          |double          |double          |double          |float       |char    |char    |int     |char    |char    |char    |char                                                                                                                            |
# |                                                                |deg            |deg            |MJy/sr          |MJy/sr          |MJy/sr          |MJy/sr          |MJy/sr          |microns     |        |        |deg     |        |        |        |                                                                                                                                |
                                                                  39.316320       -84.860000      0.146834         0.006324         0.477601         0.005470         0.636229         1.4          2027     210      109      0        4        0                                                                                                                                        
                                                                  80.683680       -84.860000      0.143409         0.009065         0.550012         0.005470         0.707957         1.4          2027     210      105      0        4        0                                                                                                                                        
                                                                  36.532830       -81.540000      0.142434         0.005164         0.403864         0.005470         0.556932         1.4          2027     210      109      0        4        0                                                                                                                                        
                                                                  60.000000       -81.540000      0.142424         0.004112         0.442131         0.005470         0.594136         1.4          2027     210      106      0        4        0                                                                                                                                        
                                                                  83.467170       -81.540000      0.143216         0.008612         0.517241         0.005470         0.674539         1.4          2027     210      103      0        4        0                                                                                                                                        
                                                                  35.115910       -78.220000      0.142043         0.003659         0.347705         0.005470         0.498877         1.4          2027     210      109      0        4        0                                                                                                                                        
                                                                  51.705300       -78.220000      0.141898         0.009434         0.372481         0.005470         0.529283         1.4          2027     210      106      0        4        0                                                                                                                                        
                                                                  68.294700       -78.220000      0.142447         0.004601         0.418598         0.005470         0.571117         1.4          2027     210      103      0        4        0                                                                                                                                        
                                                                  84.884090       -78.220000      0.138558         0.010583         0.491254         0.005470         0.645865         1.4          2027     210      100      0        4        0                                                                                                                                        
                                                                  34.202690       -74.900000      0.141930         0.002321         0.303825         0.005470         0.453546         1.4          2027     210      109      0        4        0                                                                                                                                        
                                                                  47.101350       -74.900000      0.141699         0.004112         0.321533         0.005470         0.472815         1.4          2027     210      106      0        4        0                                                                                                                                        
                                                                  60.000000       -74.900000      0.137328         0.008001         0.352672         0.005470         0.503471         1.4          2027     210      103      0        4        0                                                                                                                                        
                                                                  72.898650       -74.900000      0.137993         0.006662         0.400446         0.005470         0.550571         1.4          2027     210      100      0        4        0                                                                                                                                        
                                                                  85.797310       -74.900000      0.139100         0.006196         0.470376         0.005470         0.621143         1.4          2027     210      97       0        4        0                                                                                                                                        
                                                                  33.521010       -71.580000      0.142098         0.001778         0.268915         0.005470         0.418262         1.4          2027     210      109      0        4        0                                                                                                                                        
                                                                  44.112600       -71.580000      0.141803         0.001983         0.282246         0.005470         0.431502         1.4          2027     210      106      0        4        0                                                                                                                                        
                                                                  54.704200       -71.580000      0.142096         0.002175         0.304886         0.005470         0.454627         1.4          2027     210      103      0        4        0                                                                                                                                        
                                                                  65.295800       -71.580000      0.137877         0.007442         0.338284         0.005470         0.489073         1.4          2027     210      100      0        4        0                                                                                                                                        
                                                                  75.887400       -71.580000      0.138859         0.008273         0.386260         0.005470         0.538861         1.4          2027     210      97       0        4        0                                                                                                                                        
                                                                  86.478990       -71.580000      0.140177         0.009922         0.454292         0.005470         0.609861         1.4          2027     210      95       0        4        0                                                                                                                                        
                                                                  32.955670       -68.260000      0.146241         0.002109         0.241076         0.005470         0.394896         1.4          2027     210      109      0        4        0                                                                                                                                        
                                                                  41.970450       -68.260000      0.142207         0.002658         0.251473         0.005470         0.401808         1.4          2027     210      106      0        4        0                                                                                                                                        
                                                                  50.985220       -68.260000      0.142418         0.002517         0.268331         0.005470         0.418736         1.4          2027     210      103      0        4        0                                                                                                                                        
                                                                  60.000000       -68.260000      0.138156         0.006412         0.293095         0.005470         0.443133         1.4          2027     210      100      0        4        0                                                                                                                                        
                                                                  69.014780       -68.260000      0.139040         0.003600         0.327965         0.005470         0.476075         1.4          2027     210      97       0        4        0                                                                                                                                        
                                                                  78.029550       -68.260000      0.140294         0.028667         0.375815         0.005470         0.550246         1.4          2027     210      94       0        4        0                                                                                                                                        
                                                                  87.044330       -68.260000      0.141802         0.018989         0.442189         0.005470         0.608450         1.4          2027     210      92       0        4        0                                                                                                                                        
                                                                  32.448980       -64.940000      0.146874         0.001696         0.218698         0.005470         0.372738         1.4          2027     210      109      0        4        0                                                                                                                                        
                                                                  40.320700       -64.940000      0.142924         0.001554         0.227024         0.005470         0.376972         1.4          2027     210      106      0        4        0                                                                                                                                        
                                                                  48.192420       -64.940000      0.143067         0.002757         0.240245         0.005470         0.391539         1.4          2027     210      103      0        4        0                                                                                                                                        
                                                                  56.064140       -64.940000      0.138815         0.004378         0.258957         0.005470         0.407621         1.4          2027     210      100      0        4        0                                                                                                                                        
                                                                  63.935860       -64.940000      0.139621         0.002591         0.285022         0.005470         0.432704         1.4          2027     210      97       0        4        0                                                                                                                                        
                                                                  71.807580       -64.940000      0.140819         0.002099         0.320592         0.005470         0.468981         1.4          2027     210      94       0        4        0                                                                                                                                        
                                                                  79.679300       -64.940000      0.142307         0.003806         0.368800         0.005470         0.520383         1.4          2027     210      92       0        4        0                                                                                                                                        
                                                                  87.551020       -64.940000      0.144537         0.002758         0.433816         0.005470         0.586581         1.4          2027     210      89       0        4        0                                                                                                                                        
                                                                  31.968360       -61.620000      0.147804         0.002062         0.200234         0.005470         0.355570         1.4          2027     210      109      0        4        0                                                                                                                                        
                                                                  38.976270       -61.620000      0.147622         0.001384         0.207042         0.005470         0.361518         1.4          2027     210      106      0        4        0                                                                                                                                        
                                                                  45.984180       -61.620000      0.144057         0.001722         0.217312         0.005470         0.368561         1.4          2027     210      103      0        4        0                                                                                                                                        
                                                                  52.992090       -61.620000      0.144661         0.002872         0.232519         0.005470         0.385523         1.4          2027     210      100      0        4        0                                                                                                                                        
                                                                  60.000000       -61.620000      0.140599         0.002109         0.252525         0.005470         0.400704         1.4          2027     210      97       0        4        0                                                                                                                                        
                                                                  67.007910       -61.620000      0.141747         0.000941         0.279974         0.005470         0.428132         1.4          2027     210      94       0        4        0                                                                                                                                        
                                                                  74.015820       -61.620000      0.143211         0.001352         0.316212         0.005470         0.466245         1.4          2027     210      91       0        4        0                                                                                                                                        
                                                                  81.023730       -61.620000      0.145826         0.002361         0.364299         0.005470         0.517957         1.4          2027     210      89       0        4        0                                                                                                                                        
                                                                  88.031640       -61.620000      0.148759         0.002768         0.429445         0.005470         0.586442         1.4          2027     210      87       0        4        0                                                                                                                                        
                                                                  31.493700       -58.300000      0.149069         0.001293         0.184839         0.005470         0.340671         1.4          2027     210      109      0        4        0                                                                                                                                        
                                                                  37.828430       -58.300000      0.148823         0.001768         0.190502         0.005470         0.346563         1.4          2027     210      106      0        4        0                                                                                                                                        
                                                                  44.163160       -58.300000      0.149117         0.001078         0.199292         0.005470         0.354956         1.4          2027     210      103      0        4        0                                                                                                                                        
                                                                  50.497900       -58.300000      0.145958         0.001599         0.211332         0.005470         0.364359         1.4          2027     210      100      0        4        0                                                                                                                                        
                                                                  56.832630       -58.300000      0.141988         0.001918         0.227367         0.005470         0.376743         1.4          2027     210      97       0        4        0                                                                                                                                        
                                                                  63.167370       -58.300000      0.143089         0.001159         0.248838         0.005470         0.398556         1.4          2027     210      94       0        4        0                                                                                                                                        
                                                                  69.502100       -58.300000      0.144526         0.000521         0.277238         0.005470         0.427754         1.4          2027     210      91       0        4        0                                                                                                                                        
                                                                  75.836840       -58.300000      0.147145         0.001519         0.314299         0.005470         0.468434         1.4          2027     210      88       0        4        0                                                                                                                                        
                                                                  82.171570       -58.300000      0.150693         0.002047         0.363063         0.005470         0.521274         1.4          2027     210      86       0        4        0                                                                                                                                        
                                                                  88.506300       -58.300000      0.154237         0.003868         0.428327         0.005470         0.591903         1.4          2027     210      84       0        4        0                                                                                                                                        
                                                                  31.011470       -54.980000      0.150707         0.001404         0.172279         0.005470         0.329861         1.4          2027     210      109      0        4        0                                                                                                                                        
                                                                  36.809180       -54.980000      0.150399         0.001467         0.177055         0.005470         0.334391         1.4          2027     210      106      0        4        0                                                                                                                                        
                                                                  42.606880       -54.980000      0.150621         0.001398         0.184444         0.005470         0.341933         1.4          2027     210      103      0        4        0                                                                                                                                        
                                                                  48.404590       -54.980000      0.151372         0.000785         0.194052         0.005470         0.351679         1.4          2027     210      100      0        4        0                                                                                                                                        
                                                                  54.202290       -54.980000      0.148636         0.000860         0.207604         0.005470         0.362570         1.4          2027     210      97       0        4        0                                                                                                                                        
                                                                  60.000000       -54.980000      0.144869         0.000858         0.224709         0.005470         0.375906         1.4          2027     210      94       0        4        0                                                                                                                                        
                                                                  65.797710       -54.980000      0.146276         0.000384         0.247618         0.005470         0.399748         1.4          2027     210      91       0        4        0                                                                                                                                        
                                                                  71.595410       -54.980000      0.149351         0.000619         0.276690         0.005470         0.432130         1.4          2027     210      88       0        4        0                                                                                                                                        
                                                                  77.393120       -54.980000      0.152490         0.001343         0.314852         0.005470         0.474154         1.4          2027     210      85       0        4        0                                                                                                                                        
                                                                  83.190820       -54.980000      0.156169         0.002578         0.364797         0.005470         0.529014         1.4          2027     210      83       0        4        0                                                                                                                                        
                                                                  88.988530       -54.980000      0.160505         0.004820         0.431385         0.005470         0.602181         1.4          2027     210      81       0        4        0                                                                                                                                        
                                                                  30.511950       -51.660000      0.157246         0.000906         0.162085         0.005470         0.325707         1.4          2027     210      109      0        4        0                                                                                                                                        
                                                                  35.873410       -51.660000      0.152397         0.001801         0.165772         0.005470         0.325441         1.4          2027     210      106      0        4        0                                                                                                                                        
                                                                  41.234880       -51.660000      0.152548         0.001531         0.172085         0.005470         0.331633         1.4          2027     210      103      0        4        0                                                                                                                                        
                                                                  46.596340       -51.660000      0.153226         0.001124         0.180153         0.005470         0.339973         1.4          2027     210      100      0        4        0                                                                                                                                        
                                                                  51.957800       -51.660000      0.154410         0.000771         0.191573         0.005470         0.352224         1.4          2027     210      96       0        4        0                                                                                                                                        
                                                                  57.319270       -51.660000      0.152103         0.000696         0.205766         0.005470         0.364035         1.4          2027     210      93       0        4        0                                                                                                                                        
                                                                  62.680730       -51.660000      0.148497         0.000976         0.224325         0.005470         0.379268         1.4          2027     210      90       0        4        0                                                                                                                                        
                                                                  68.042200       -51.660000      0.151563         0.000601         0.247991         0.005470         0.405625         1.4          2027     210      88       0        4        0                                                                                                                                        
                                                                  73.403660       -51.660000      0.155366         0.000577         0.278726         0.005470         0.440139         1.4          2027     210      85       0        4        0                                                                                                                                        
                                                                  78.765120       -51.660000      0.159324         0.000989         0.318366         0.005470         0.484149         1.4          2027     210      83       0        4        0                                                                                                                                        
                                                                  84.126590       -51.660000      0.163069         0.002125         0.370092         0.005470         0.540756         1.4          2027     210      80       0        4        0                                                                                                                                        
                                                                  89.488050       -51.660000      0.167287         0.003238         0.438923         0.005470         0.614918         1.4          2027     210      78       0        4        0                                                                                                                                        
                                                                  32.488610       -48.340000      0.159430         0.001064         0.154893         0.005470         0.320858         1.4          2027     210      108      0        4        0                                                                                                                                        
                                                                  37.490680       -48.340000      0.159642         0.000897         0.159167         0.005470         0.325176         1.4          2027     210      104      0        4        0                                                                                                                                        
                                                                  42.492750       -48.340000      0.155193         0.001901         0.165112         0.005470         0.327675         1.4          2027     210      101      0        4        0                                                                                                                                        
                                                                  47.494820       -48.340000      0.156055         0.001171         0.173405         0.005470         0.336101         1.4          2027     210      98       0        4        0                                                                                                                                        
                                                                  52.496890       -48.340000      0.157409         0.000539         0.184048         0.005470         0.347466         1.4          2027     210      95       0        4        0                                                                                                                                        
                                                                  57.498960       -48.340000      0.159193         0.000431         0.197581         0.005470         0.362675         1.4          2027     210      92       0        4        0                                                                                                                                        
                                                                  62.501040       -48.340000      0.158282         0.000781         0.215130         0.005470         0.379662         1.4          2027     210      89       0        4        0                                                                                                                                        
                                                                  67.503110       -48.340000      0.156399         0.000750         0.237315         0.005470         0.399934         1.4          2027     210      86       0        4        0                                                                                                                                        
                                                                  72.505180       -48.340000      0.160039         0.000947         0.265927         0.005470         0.432383         1.4          2027     210      83       0        4        0                                                                                                                                        
                                                                  77.507250       -48.340000      0.164514         0.000628         0.302153         0.005470         0.472765         1.4          2027     210      81       0        4        0                                                                                                                                        
                                                                  82.509320       -48.340000      0.168795         0.001884         0.349564         0.005470         0.525713         1.4          2027     210      79       0        4        0                                                                                                                                        
                                                                  87.511390       -48.340000      0.173124         0.004296         0.412202         0.005470         0.595092         1.4          2027     210      76       0        4        0                                                                                                                                        
                                                                  36.486220       -45.020000      0.162322         0.000997         0.151185         0.005470         0.319974         1.4          2027     210      104      0        4        0                                                                                                                                        
                                                                  41.188980       -45.020000      0.163008         0.001218         0.156336         0.005470         0.326032         1.4          2027     210      101      0        4        0                                                                                                                                        
                                                                  45.891730       -45.020000      0.158903         0.001024         0.163546         0.005470         0.328944         1.4          2027     210      98       0        4        0                                                                                                                                        
                                                                  50.594490       -45.020000      0.160188         0.001017         0.172742         0.005470         0.339416         1.4          2027     210      95       0        4        0                                                                                                                                        
                                                                  55.297240       -45.020000      0.161912         0.000593         0.184351         0.005470         0.352326         1.4          2027     210      92       0        4        0                                                                                                                                        
                                                                  60.000000       -45.020000      0.164936         0.000313         0.198956         0.005470         0.369675         1.4          2027     210      89       0        4        0                                                                                                                                        
                                                                  64.702760       -45.020000      0.169283         0.000850         0.217735         0.005470         0.393338         1.4          2027     210      86       0        4        0                                                                                                                                        
                                                                  69.405510       -45.020000      0.163390         0.000583         0.241379         0.005470         0.410822         1.4          2027     210      83       0        4        0                                                                                                                                        
                                                                  74.108270       -45.020000      0.167976         0.000836         0.271775         0.005470         0.446057         1.4          2027     210      80       0        4        0                                                                                                                                        
                                                                  78.811020       -45.020000      0.172455         0.001592         0.310252         0.005470         0.489769         1.4          2027     210      78       0        4        0                                                                                                                                        
                                                                  83.513780       -45.020000      0.177100         0.002084         0.360587         0.005470         0.545241         1.4          2027     210      76       0        4        0                                                                                                                                        
                                                                  39.968550       -41.700000      0.166200         0.001071         0.149000         0.005470         0.321741         1.4          2027     210      101      0        4        0                                                                                                                                        
                                                                  44.419980       -41.700000      0.167356         0.000651         0.155354         0.005470         0.328831         1.4          2027     210      98       0        4        0                                                                                                                                        
                                                                  48.871420       -41.700000      0.163599         0.000744         0.163417         0.005470         0.333230         1.4          2027     210      95       0        4        0                                                                                                                                        
                                                                  53.322850       -41.700000      0.165260         0.000632         0.173538         0.005470         0.344900         1.4          2027     210      92       0        4        0                                                                                                                                        
                                                                  57.774280       -41.700000      0.168237         0.000649         0.186187         0.005470         0.360543         1.4          2027     210      89       0        4        0                                                                                                                                        
                                                                  62.225720       -41.700000      0.172525         0.000648         0.202385         0.005470         0.381028         1.4          2027     210      86       0        4        0                                                                                                                                        
                                                                  66.677150       -41.700000      0.176892         0.001425         0.222600         0.005470         0.406387         1.4          2027     210      83       0        4        0                                                                                                                                        
                                                                  71.128580       -41.700000      0.182246         0.000863         0.248009         0.005470         0.436588         1.4          2027     210      80       0        4        0                                                                                                                                        
                                                                  75.580020       -41.700000      0.181169         0.001064         0.280242         0.005470         0.467945         1.4          2027     210      78       0        4        0                                                                                                                                        
                                                                  80.031450       -41.700000      0.182311         0.001218         0.321984         0.005470         0.510983         1.4          2027     210      75       0        4        0                                                                                                                                        
                                                                  43.043240       -38.380000      0.171158         0.001229         0.148545         0.005470         0.326402         1.4          2027     210      98       0        4        0                                                                                                                                        
                                                                  47.282430       -38.380000      0.172766         0.001203         0.155708         0.005470         0.335147         1.4          2027     210      95       0        4        0                                                                                                                                        
                                                                  51.521620       -38.380000      0.169339         0.001081         0.164659         0.005470         0.340550         1.4          2027     210      92       0        4        0                                                                                                                                        
                                                                  55.760810       -38.380000      0.172268         0.000549         0.175787         0.005470         0.354074         1.4          2027     210      89       0        4        0                                                                                                                                        
                                                                  60.000000       -38.380000      0.176494         0.000289         0.189998         0.005470         0.372252         1.4          2027     210      86       0        4        0                                                                                                                                        
                                                                  64.239190       -38.380000      0.180869         0.001518         0.207212         0.005470         0.395069         1.4          2027     210      83       0        4        0                                                                                                                                        
                                                                  68.478380       -38.380000      0.186287         0.001188         0.229152         0.005470         0.422097         1.4          2027     210      80       0        4        0                                                                                                                                        
                                                                  72.717570       -38.380000      0.192916         0.001036         0.256730         0.005470         0.456152         1.4          2027     210      77       0        4        0                                                                                                                                        
                                                                  76.956760       -38.380000      0.198828         0.001505         0.292142         0.005470         0.497945         1.4          2027     210      75       0        4        0                                                                                                                                        
                                                                  45.792350       -35.060000      0.177298         0.001264         0.149349         0.005470         0.333381         1.4          2027     210      95       0        4        0                                                                                                                                        
                                                                  49.851680       -35.060000      0.179319         0.001016         0.157370         0.005470         0.343175         1.4          2027     210      92       0        4        0                                                                                                                                        
                                                                  53.911010       -35.060000      0.182727         0.000870         0.167298         0.005470         0.356365         1.4          2027     210      88       0        4        0                                                                                                                                        
                                                                  57.970340       -35.060000      0.181316         0.000646         0.179958         0.005470         0.367390         1.4          2027     210      85       0        4        0                                                                                                                                        
                                                                  62.029660       -35.060000      0.186486         0.000559         0.195150         0.005470         0.387665         1.4          2027     210      83       0        4        0                                                                                                                                        
                                                                  66.088990       -35.060000      0.191164         0.001754         0.214433         0.005470         0.412820         1.4          2027     210      80       0        4        0                                                                                                                                        
                                                                  70.148320       -35.060000      0.197905         0.002147         0.238478         0.005470         0.444001         1.4          2027     210      77       0        4        0                                                                                                                                        
                                                                  74.207650       -35.060000      0.204062         0.001601         0.268752         0.005470         0.479886         1.4          2027     210      74       0        4        0                                                                                                                                        
                                                                  48.279790       -31.740000      0.184728         0.000892         0.151806         0.005470         0.342896         1.4          2027     210      91       0        4        0                                                                                                                                        
                                                                  52.186530       -31.740000      0.188075         0.000969         0.160779         0.005470         0.355293         1.4          2027     210      88       0        4        0                                                                                                                                        
                                                                  56.093260       -31.740000      0.192726         0.000413         0.171824         0.005470         0.370433         1.4          2027     210      85       0        4        0                                                                                                                                        
                                                                  60.000000       -31.740000      0.198478         0.000462         0.185822         0.005470         0.390233         1.4          2027     210      82       0        4        0                                                                                                                                        
                                                                  63.906740       -31.740000      0.197030         0.001902         0.202653         0.005470         0.407055         1.4          2027     210      80       0        4        0                                                                                                                                        
                                                                  67.813470       -31.740000      0.203874         0.001315         0.223983         0.005470         0.434642         1.4          2027     210      77       0        4        0                                                                                                                                        
                                                                  71.720210       -31.740000      0.210265         0.001176         0.250637         0.005470         0.467548         1.4          2027     210      74       0        4        0                                                                                                                                        
                                                                  50.556350       -28.420000      0.194545         0.000875         0.155599         0.005470         0.356489         1.4          2027     210      88       0        4        0                                                                                                                                        
                                                                  54.333810       -28.420000      0.199139         0.000702         0.165668         0.005470         0.370978         1.4          2027     210      85       0        4        0                                                                                                                                        
                                                                  58.111270       -28.420000      0.204867         0.000519         0.178027         0.005470         0.388883         1.4          2027     210      82       0        4        0                                                                                                                                        
                                                                  61.888730       -28.420000      0.210225         0.001641         0.193631         0.005470         0.410966         1.4          2027     210      79       0        4        0                                                                                                                                        
                                                                  65.666190       -28.420000      0.217788         0.002034         0.212461         0.005470         0.437752         1.4          2027     210      77       0        4        0                                                                                                                                        
                                                                  69.443650       -28.420000      0.217629         0.001804         0.236324         0.005470         0.461227         1.4          2027     210      74       0        4        0                                                                                                                                        
                                                                  52.663160       -25.100000      0.217166         0.000865         0.160872         0.005470         0.384373         1.4          2027     210      85       0        4        0                                                                                                                                        
                                                                  56.331580       -25.100000      0.212605         0.000633         0.172238         0.005470         0.390946         1.4          2027     210      82       0        4        0                                                                                                                                        
                                                                  60.000000       -25.100000      0.217990         0.001479         0.186567         0.005470         0.411506         1.4          2027     210      79       0        4        0                                                                                                                                        
                                                                  63.668420       -25.100000      0.225624         0.002260         0.203745         0.005470         0.437100         1.4          2027     210      76       0        4        0                                                                                                                                        
                                                                  67.336840       -25.100000      0.233609         0.002427         0.225440         0.005470         0.466946         1.4          2027     210      74       0        4        0                                                                                                                                        
                                                                  54.634210       -21.780000      0.231870         0.001661         0.168240         0.005470         0.407240         1.4          2027     210      82       0        4        0                                                                                                                                        
                                                                  58.211400       -21.780000      0.238473         0.003092         0.181172         0.005470         0.428207         1.4          2027     210      79       0        4        0                                                                                                                                        
                                                                  61.788600       -21.780000      0.240056         0.002651         0.197053         0.005470         0.445230         1.4          2027     210      76       0        4        0                                                                                                                                        
                                                                  65.365790       -21.780000      0.243228         0.001314         0.217058         0.005470         0.467070         1.4          2027     210      73       0        4        0                                                                                                                                        
                                                                  56.498110       -18.460000      0.247880         0.006533         0.177240         0.005470         0.437123         1.4          2027     210      79       0        4        0                                                                                                                                        
                                                                  60.000000       -18.460000      0.256854         0.001771         0.192494         0.005470         0.456589         1.4          2027     210      76       0        4        0                                                                                                                                        
                                                                  63.501890       -18.460000      0.266413         0.001855         0.210796         0.005470         0.484533         1.4          2027     210      73       0        4        0                                                                                                                                        
                                                                  56.558970       -15.140000      0.270808         0.002490         0.181705         0.005470         0.460474         1.4          2027     210      78       0        4        0                                                                                                                                        
                                                                  60.000000       -15.140000      0.273903         0.002460         0.197293         0.005470         0.479126         1.4          2027     210      75       0        4        0                                                                                                                                        
                                                                  63.441030       -15.140000      0.284557         0.002936         0.216887         0.005470         0.509850         1.4          2027     210      72       0        4        0                                                                                                                                        