#\Rows = 155
#\Cols = 13
#\Coordinate system = equ
#\Equinox = J2000
#\Coordinate format = degree
#\objname is name or coordinates
#\ra is right ascension in degrees J2000
#\dec is declination in degrees J2000
#\zody is zodiacal light, unit = MJy/sr; it is median in viewing zone if ido_view = 1
#\ism is interstellar light, unit = MJy/sr
#\stars is stellar light, unit = MJy/sr
#\cib is cosmic infrared background, unit = MJy/sr
#\totbg is total background, unit = MJy/sr
#\wavelength in microns
#\year
#\day is day of year, or -999 if ido_view = 1
#\selon is solar elongation in deg, or -999 if ido_view = 1
#\obsloc is observing location, 0=L2, 3=Earth orbit
#\obsver is code version
#\ido_view if 1 then use median zodiacal in view range
#|objname                                                         |ra             |dec            |zody            |ism             |stars           |cib             |totbg           |wavelength  |year    |day     |selon   |obsloc  |obsver  |ido_view|errmsg                                                                                                                          |
#|char                                                            |double         |double         |double          |double          |double          |double          |double          |float       |char    |char    |int     |char    |char    |char    |char                                                                                                                            |
#|                                                                |deg            |deg            |MJy/sr          |MJy/sr          |MJy/sr          |MJy/sr          |MJy/sr          |microns     |        |        |deg     |        |        |        |                                                                                                                                |
                                                                  39.316320       -84.860000      0.128915         0.006324         0.477601         0.005470         0.618310         1.4          2027     70       83       0        4        0                                                                                                                                        
                                                                  80.683680       -84.860000      0.123180         0.009065         0.550012         0.005470         0.687727         1.4          2027     70       86       0        4        0                                                                                                                                        
                                                                  36.532830       -81.540000      0.132622         0.005164         0.403864         0.005470         0.547121         1.4          2027     70       80       0        4        0                                                                                                                                        
                                                                  60.000000       -81.540000      0.126283         0.004112         0.442131         0.005470         0.577996         1.4          2027     70       83       0        4        0                                                                                                                                        
                                                                  83.467170       -81.540000      0.120736         0.008612         0.517241         0.005470         0.652059         1.4          2027     70       87       0        4        0                                                                                                                                        
                                                                  35.115910       -78.220000      0.136187         0.003659         0.347705         0.005470         0.493021         1.4          2027     70       78       0        4        0                                                                                                                                        
                                                                  51.705300       -78.220000      0.127420         0.009434         0.372481         0.005470         0.514804         1.4          2027     70       80       0        4        0                                                                                                                                        
                                                                  68.294700       -78.220000      0.121685         0.004601         0.418598         0.005470         0.550354         1.4          2027     70       84       0        4        0                                                                                                                                        
                                                                  84.884090       -78.220000      0.116593         0.010583         0.491254         0.005470         0.623900         1.4          2027     70       87       0        4        0                                                                                                                                        
                                                                  34.202690       -74.900000      0.140574         0.002321         0.303825         0.005470         0.452190         1.4          2027     70       75       0        4        0                                                                                                                                        
                                                                  47.101350       -74.900000      0.131196         0.004112         0.321533         0.005470         0.462311         1.4          2027     70       78       0        4        0                                                                                                                                        
                                                                  60.000000       -74.900000      0.124981         0.008001         0.352672         0.005470         0.491124         1.4          2027     70       81       0        4        0                                                                                                                                        
                                                                  72.898650       -74.900000      0.119502         0.006662         0.400446         0.005470         0.532080         1.4          2027     70       84       0        4        0                                                                                                                                        
                                                                  85.797310       -74.900000      0.114870         0.006196         0.470376         0.005470         0.596912         1.4          2027     70       88       0        4        0                                                                                                                                        
                                                                  33.521010       -71.580000      0.142657         0.001778         0.268915         0.005470         0.418821         1.4          2027     70       73       0        4        0                                                                                                                                        
                                                                  44.112600       -71.580000      0.135776         0.001983         0.282246         0.005470         0.425475         1.4          2027     70       75       0        4        0                                                                                                                                        
                                                                  54.704200       -71.580000      0.129511         0.002175         0.304886         0.005470         0.442042         1.4          2027     70       78       0        4        0                                                                                                                                        
                                                                  65.295800       -71.580000      0.123551         0.007442         0.338284         0.005470         0.474746         1.4          2027     70       81       0        4        0                                                                                                                                        
                                                                  75.887400       -71.580000      0.118355         0.008273         0.386260         0.005470         0.518358         1.4          2027     70       85       0        4        0                                                                                                                                        
                                                                  86.478990       -71.580000      0.113923         0.009922         0.454292         0.005470         0.583607         1.4          2027     70       88       0        4        0                                                                                                                                        
                                                                  32.955670       -68.260000      0.148792         0.002109         0.241076         0.005470         0.397446         1.4          2027     70       70       0        4        0                                                                                                                                        
                                                                  41.970450       -68.260000      0.141236         0.002658         0.251473         0.005470         0.400838         1.4          2027     70       73       0        4        0                                                                                                                                        
                                                                  50.985220       -68.260000      0.134305         0.002517         0.268331         0.005470         0.410623         1.4          2027     70       76       0        4        0                                                                                                                                        
                                                                  60.000000       -68.260000      0.128209         0.006412         0.293095         0.005470         0.433186         1.4          2027     70       79       0        4        0                                                                                                                                        
                                                                  69.014780       -68.260000      0.122508         0.003600         0.327965         0.005470         0.459542         1.4          2027     70       82       0        4        0                                                                                                                                        
                                                                  78.029550       -68.260000      0.116967         0.028667         0.375815         0.005470         0.526918         1.4          2027     70       85       0        4        0                                                                                                                                        
                                                                  87.044330       -68.260000      0.112910         0.018989         0.442189         0.005470         0.579559         1.4          2027     70       89       0        4        0                                                                                                                                        
                                                                  32.448980       -64.940000      0.159435         0.001696         0.218698         0.005470         0.385299         1.4          2027     70       68       0        4        0                                                                                                                                        
                                                                  40.320700       -64.940000      0.147679         0.001554         0.227024         0.005470         0.381727         1.4          2027     70       70       0        4        0                                                                                                                                        
                                                                  48.192420       -64.940000      0.140000         0.002757         0.240245         0.005470         0.388473         1.4          2027     70       73       0        4        0                                                                                                                                        
                                                                  56.064140       -64.940000      0.133165         0.004378         0.258957         0.005470         0.401971         1.4          2027     70       76       0        4        0                                                                                                                                        
                                                                  63.935860       -64.940000      0.126717         0.002591         0.285022         0.005470         0.419801         1.4          2027     70       79       0        4        0                                                                                                                                        
                                                                  71.807580       -64.940000      0.121100         0.002099         0.320592         0.005470         0.449262         1.4          2027     70       83       0        4        0                                                                                                                                        
                                                                  79.679300       -64.940000      0.116496         0.003806         0.368800         0.005470         0.494572         1.4          2027     70       86       0        4        0                                                                                                                                        
                                                                  87.551020       -64.940000      0.112277         0.002758         0.433816         0.005470         0.554321         1.4          2027     70       89       0        4        0                                                                                                                                        
                                                                  31.968360       -61.620000      0.168016         0.002062         0.200234         0.005470         0.375782         1.4          2027     70       65       0        4        0                                                                                                                                        
                                                                  38.976270       -61.620000      0.155233         0.001384         0.207042         0.005470         0.369129         1.4          2027     70       68       0        4        0                                                                                                                                        
                                                                  45.984180       -61.620000      0.146697         0.001722         0.217312         0.005470         0.371201         1.4          2027     70       71       0        4        0                                                                                                                                        
                                                                  52.992090       -61.620000      0.139048         0.002872         0.232519         0.005470         0.379910         1.4          2027     70       74       0        4        0                                                                                                                                        
                                                                  60.000000       -61.620000      0.132376         0.002109         0.252525         0.005470         0.392480         1.4          2027     70       77       0        4        0                                                                                                                                        
                                                                  67.007910       -61.620000      0.126150         0.000941         0.279974         0.005470         0.412535         1.4          2027     70       80       0        4        0                                                                                                                                        
                                                                  74.015820       -61.620000      0.120761         0.001352         0.316212         0.005470         0.443796         1.4          2027     70       83       0        4        0                                                                                                                                        
                                                                  81.023730       -61.620000      0.115821         0.002361         0.364299         0.005470         0.487952         1.4          2027     70       87       0        4        0                                                                                                                                        
                                                                  88.031640       -61.620000      0.111848         0.002768         0.429445         0.005470         0.549532         1.4          2027     70       90       0        4        0                                                                                                                                        
                                                                  31.493700       -58.300000      0.178018         0.001293         0.184839         0.005470         0.369620         1.4          2027     70       63       0        4        0                                                                                                                                        
                                                                  37.828430       -58.300000      0.167569         0.001768         0.190502         0.005470         0.365308         1.4          2027     70       66       0        4        0                                                                                                                                        
                                                                  44.163160       -58.300000      0.154527         0.001078         0.199292         0.005470         0.360367         1.4          2027     70       68       0        4        0                                                                                                                                        
                                                                  50.497900       -58.300000      0.145960         0.001599         0.211332         0.005470         0.364362         1.4          2027     70       71       0        4        0                                                                                                                                        
                                                                  56.832630       -58.300000      0.138424         0.001918         0.227367         0.005470         0.373179         1.4          2027     70       74       0        4        0                                                                                                                                        
                                                                  63.167370       -58.300000      0.131389         0.001159         0.248838         0.005470         0.386856         1.4          2027     70       78       0        4        0                                                                                                                                        
                                                                  69.502100       -58.300000      0.125936         0.000521         0.277238         0.005470         0.409165         1.4          2027     70       81       0        4        0                                                                                                                                        
                                                                  75.836840       -58.300000      0.120101         0.001519         0.314299         0.005470         0.441390         1.4          2027     70       84       0        4        0                                                                                                                                        
                                                                  82.171570       -58.300000      0.115989         0.002047         0.363063         0.005470         0.486570         1.4          2027     70       88       0        4        0                                                                                                                                        
                                                                  88.506300       -58.300000      0.112046         0.003868         0.428327         0.005470         0.549712         1.4          2027     70       91       0        4        0                                                                                                                                        
                                                                  31.011470       -54.980000      0.189669         0.001404         0.172279         0.005470         0.368822         1.4          2027     70       61       0        4        0                                                                                                                                        
                                                                  36.809180       -54.980000      0.177929         0.001467         0.177055         0.005470         0.361921         1.4          2027     70       63       0        4        0                                                                                                                                        
                                                                  42.606880       -54.980000      0.167126         0.001398         0.184444         0.005470         0.358439         1.4          2027     70       66       0        4        0                                                                                                                                        
                                                                  48.404590       -54.980000      0.154035         0.000785         0.194052         0.005470         0.354342         1.4          2027     70       69       0        4        0                                                                                                                                        
                                                                  54.202290       -54.980000      0.145531         0.000860         0.207604         0.005470         0.359465         1.4          2027     70       72       0        4        0                                                                                                                                        
                                                                  60.000000       -54.980000      0.137610         0.000858         0.224709         0.005470         0.368647         1.4          2027     70       75       0        4        0                                                                                                                                        
                                                                  65.797710       -54.980000      0.131318         0.000384         0.247618         0.005470         0.384790         1.4          2027     70       78       0        4        0                                                                                                                                        
                                                                  71.595410       -54.980000      0.125498         0.000619         0.276690         0.005470         0.408278         1.4          2027     70       82       0        4        0                                                                                                                                        
                                                                  77.393120       -54.980000      0.120443         0.001343         0.314852         0.005470         0.442107         1.4          2027     70       85       0        4        0                                                                                                                                        
                                                                  83.190820       -54.980000      0.116026         0.002578         0.364797         0.005470         0.488871         1.4          2027     70       88       0        4        0                                                                                                                                        
                                                                  88.988530       -54.980000      0.115057         0.004820         0.431385         0.005470         0.556733         1.4          2027     70       92       0        4        0                                                                                                                                        
                                                                  30.511950       -51.660000      0.202781         0.000906         0.162085         0.005470         0.371243         1.4          2027     70       58       0        4        0                                                                                                                                        
                                                                  35.873410       -51.660000      0.189488         0.001801         0.165772         0.005470         0.362531         1.4          2027     70       61       0        4        0                                                                                                                                        
                                                                  41.234880       -51.660000      0.177815         0.001531         0.172085         0.005470         0.356901         1.4          2027     70       64       0        4        0                                                                                                                                        
                                                                  46.596340       -51.660000      0.166840         0.001124         0.180153         0.005470         0.353587         1.4          2027     70       66       0        4        0                                                                                                                                        
                                                                  51.957800       -51.660000      0.157098         0.000771         0.191573         0.005470         0.354913         1.4          2027     70       70       0        4        0                                                                                                                                        
                                                                  57.319270       -51.660000      0.148052         0.000696         0.205766         0.005470         0.359984         1.4          2027     70       73       0        4        0                                                                                                                                        
                                                                  62.680730       -51.660000      0.137707         0.000976         0.224325         0.005470         0.368479         1.4          2027     70       76       0        4        0                                                                                                                                        
                                                                  68.042200       -51.660000      0.131620         0.000601         0.247991         0.005470         0.385682         1.4          2027     70       79       0        4        0                                                                                                                                        
                                                                  73.403660       -51.660000      0.126006         0.000577         0.278726         0.005470         0.410779         1.4          2027     70       82       0        4        0                                                                                                                                        
                                                                  78.765120       -51.660000      0.123069         0.000989         0.318366         0.005470         0.447894         1.4          2027     70       86       0        4        0                                                                                                                                        
                                                                  84.126590       -51.660000      0.118612         0.002125         0.370092         0.005470         0.496299         1.4          2027     70       89       0        4        0                                                                                                                                        
                                                                  89.488050       -51.660000      0.115880         0.003238         0.438923         0.005470         0.563511         1.4          2027     70       92       0        4        0                                                                                                                                        
                                                                  32.488610       -48.340000      0.211918         0.001064         0.154893         0.005470         0.373345         1.4          2027     70       57       0        4        0                                                                                                                                        
                                                                  37.490680       -48.340000      0.196746         0.000897         0.159167         0.005470         0.362279         1.4          2027     70       60       0        4        0                                                                                                                                        
                                                                  42.492750       -48.340000      0.183628         0.001901         0.165112         0.005470         0.356111         1.4          2027     70       63       0        4        0                                                                                                                                        
                                                                  47.494820       -48.340000      0.171902         0.001171         0.173405         0.005470         0.351948         1.4          2027     70       66       0        4        0                                                                                                                                        
                                                                  52.496890       -48.340000      0.161556         0.000539         0.184048         0.005470         0.351614         1.4          2027     70       69       0        4        0                                                                                                                                        
                                                                  57.498960       -48.340000      0.152545         0.000431         0.197581         0.005470         0.356027         1.4          2027     70       72       0        4        0                                                                                                                                        
                                                                  62.501040       -48.340000      0.144241         0.000781         0.215130         0.005470         0.365621         1.4          2027     70       75       0        4        0                                                                                                                                        
                                                                  67.503110       -48.340000      0.137687         0.000750         0.237315         0.005470         0.381223         1.4          2027     70       78       0        4        0                                                                                                                                        
                                                                  72.505180       -48.340000      0.131442         0.000947         0.265927         0.005470         0.403786         1.4          2027     70       82       0        4        0                                                                                                                                        
                                                                  77.507250       -48.340000      0.126225         0.000628         0.302153         0.005470         0.434476         1.4          2027     70       85       0        4        0                                                                                                                                        
                                                                  82.509320       -48.340000      0.121643         0.001884         0.349564         0.005470         0.478562         1.4          2027     70       88       0        4        0                                                                                                                                        
                                                                  87.511390       -48.340000      0.118067         0.004296         0.412202         0.005470         0.540035         1.4          2027     70       92       0        4        0                                                                                                                                        
                                                                  36.486220       -45.020000      0.212899         0.000997         0.151185         0.005470         0.370551         1.4          2027     70       57       0        4        0                                                                                                                                        
                                                                  41.188980       -45.020000      0.198450         0.001218         0.156336         0.005470         0.361474         1.4          2027     70       60       0        4        0                                                                                                                                        
                                                                  45.891730       -45.020000      0.183957         0.001024         0.163546         0.005470         0.353998         1.4          2027     70       63       0        4        0                                                                                                                                        
                                                                  50.594490       -45.020000      0.172193         0.001017         0.172742         0.005470         0.351421         1.4          2027     70       66       0        4        0                                                                                                                                        
                                                                  55.297240       -45.020000      0.161922         0.000593         0.184351         0.005470         0.352337         1.4          2027     70       70       0        4        0                                                                                                                                        
                                                                  60.000000       -45.020000      0.152496         0.000313         0.198956         0.005470         0.357236         1.4          2027     70       73       0        4        0                                                                                                                                        
                                                                  64.702760       -45.020000      0.144933         0.000850         0.217735         0.005470         0.368988         1.4          2027     70       76       0        4        0                                                                                                                                        
                                                                  69.405510       -45.020000      0.137972         0.000583         0.241379         0.005470         0.385404         1.4          2027     70       79       0        4        0                                                                                                                                        
                                                                  74.108270       -45.020000      0.132543         0.000836         0.271775         0.005470         0.410624         1.4          2027     70       83       0        4        0                                                                                                                                        
                                                                  78.811020       -45.020000      0.126900         0.001592         0.310252         0.005470         0.444214         1.4          2027     70       86       0        4        0                                                                                                                                        
                                                                  83.513780       -45.020000      0.122350         0.002084         0.360587         0.005470         0.490491         1.4          2027     70       89       0        4        0                                                                                                                                        
                                                                  39.968550       -41.700000      0.213939         0.001071         0.149000         0.005470         0.369480         1.4          2027     70       58       0        4        0                                                                                                                                        
                                                                  44.419980       -41.700000      0.198646         0.000651         0.155354         0.005470         0.360121         1.4          2027     70       61       0        4        0                                                                                                                                        
                                                                  48.871420       -41.700000      0.185726         0.000744         0.163417         0.005470         0.355357         1.4          2027     70       64       0        4        0                                                                                                                                        
                                                                  53.322850       -41.700000      0.172322         0.000632         0.173538         0.005470         0.351962         1.4          2027     70       67       0        4        0                                                                                                                                        
                                                                  57.774280       -41.700000      0.162156         0.000649         0.186187         0.005470         0.354462         1.4          2027     70       70       0        4        0                                                                                                                                        
                                                                  62.225720       -41.700000      0.153444         0.000648         0.202385         0.005470         0.361947         1.4          2027     70       74       0        4        0                                                                                                                                        
                                                                  66.677150       -41.700000      0.146069         0.001425         0.222600         0.005470         0.375564         1.4          2027     70       77       0        4        0                                                                                                                                        
                                                                  71.128580       -41.700000      0.139302         0.000863         0.248009         0.005470         0.393644         1.4          2027     70       80       0        4        0                                                                                                                                        
                                                                  75.580020       -41.700000      0.133330         0.001064         0.280242         0.005470         0.420105         1.4          2027     70       84       0        4        0                                                                                                                                        
                                                                  80.031450       -41.700000      0.128046         0.001218         0.321984         0.005470         0.456718         1.4          2027     70       87       0        4        0                                                                                                                                        
                                                                  43.043240       -38.380000      0.215241         0.001229         0.148545         0.005470         0.370485         1.4          2027     70       59       0        4        0                                                                                                                                        
                                                                  47.282430       -38.380000      0.199755         0.001203         0.155708         0.005470         0.362136         1.4          2027     70       62       0        4        0                                                                                                                                        
                                                                  51.521620       -38.380000      0.186236         0.001081         0.164659         0.005470         0.357447         1.4          2027     70       65       0        4        0                                                                                                                                        
                                                                  55.760810       -38.380000      0.174519         0.000549         0.175787         0.005470         0.356325         1.4          2027     70       68       0        4        0                                                                                                                                        
                                                                  60.000000       -38.380000      0.163431         0.000289         0.189998         0.005470         0.359189         1.4          2027     70       72       0        4        0                                                                                                                                        
                                                                  64.239190       -38.380000      0.154882         0.001518         0.207212         0.005470         0.369082         1.4          2027     70       75       0        4        0                                                                                                                                        
                                                                  68.478380       -38.380000      0.147063         0.001188         0.229152         0.005470         0.382873         1.4          2027     70       78       0        4        0                                                                                                                                        
                                                                  72.717570       -38.380000      0.140281         0.001036         0.256730         0.005470         0.403517         1.4          2027     70       81       0        4        0                                                                                                                                        
                                                                  76.956760       -38.380000      0.134638         0.001505         0.292142         0.005470         0.433755         1.4          2027     70       85       0        4        0                                                                                                                                        
                                                                  45.792350       -35.060000      0.216978         0.001264         0.149349         0.005470         0.373061         1.4          2027     70       60       0        4        0                                                                                                                                        
                                                                  49.851680       -35.060000      0.201360         0.001016         0.157370         0.005470         0.365216         1.4          2027     70       63       0        4        0                                                                                                                                        
                                                                  53.911010       -35.060000      0.187833         0.000870         0.167298         0.005470         0.361471         1.4          2027     70       66       0        4        0                                                                                                                                        
                                                                  57.970340       -35.060000      0.176189         0.000646         0.179958         0.005470         0.362263         1.4          2027     70       69       0        4        0                                                                                                                                        
                                                                  62.029660       -35.060000      0.166243         0.000559         0.195150         0.005470         0.367422         1.4          2027     70       73       0        4        0                                                                                                                                        
                                                                  66.088990       -35.060000      0.157190         0.001754         0.214433         0.005470         0.378846         1.4          2027     70       76       0        4        0                                                                                                                                        
                                                                  70.148320       -35.060000      0.150149         0.002147         0.238478         0.005470         0.396245         1.4          2027     70       79       0        4        0                                                                                                                                        
                                                                  74.207650       -35.060000      0.142607         0.001601         0.268752         0.005470         0.418431         1.4          2027     70       83       0        4        0                                                                                                                                        
                                                                  48.279790       -31.740000      0.223517         0.000892         0.151806         0.005470         0.381685         1.4          2027     70       61       0        4        0                                                                                                                                        
                                                                  52.186530       -31.740000      0.203576         0.000969         0.160779         0.005470         0.370794         1.4          2027     70       64       0        4        0                                                                                                                                        
                                                                  56.093260       -31.740000      0.190049         0.000413         0.171824         0.005470         0.367756         1.4          2027     70       67       0        4        0                                                                                                                                        
                                                                  60.000000       -31.740000      0.177836         0.000462         0.185822         0.005470         0.369590         1.4          2027     70       70       0        4        0                                                                                                                                        
                                                                  63.906740       -31.740000      0.168004         0.001902         0.202653         0.005470         0.378029         1.4          2027     70       74       0        4        0                                                                                                                                        
                                                                  67.813470       -31.740000      0.159729         0.001315         0.223983         0.005470         0.390497         1.4          2027     70       77       0        4        0                                                                                                                                        
                                                                  71.720210       -31.740000      0.152182         0.001176         0.250637         0.005470         0.409466         1.4          2027     70       80       0        4        0                                                                                                                                        
                                                                  50.556350       -28.420000      0.225521         0.000875         0.155599         0.005470         0.387464         1.4          2027     70       62       0        4        0                                                                                                                                        
                                                                  54.333810       -28.420000      0.209509         0.000702         0.165668         0.005470         0.381348         1.4          2027     70       65       0        4        0                                                                                                                                        
                                                                  58.111270       -28.420000      0.195798         0.000519         0.178027         0.005470         0.379813         1.4          2027     70       68       0        4        0                                                                                                                                        
                                                                  61.888730       -28.420000      0.184120         0.001641         0.193631         0.005470         0.384862         1.4          2027     70       72       0        4        0                                                                                                                                        
                                                                  65.666190       -28.420000      0.174249         0.002034         0.212461         0.005470         0.394213         1.4          2027     70       75       0        4        0                                                                                                                                        
                                                                  69.443650       -28.420000      0.165289         0.001804         0.236324         0.005470         0.408887         1.4          2027     70       78       0        4        0                                                                                                                                        
                                                                  52.663160       -25.100000      0.229002         0.000865         0.160872         0.005470         0.396209         1.4          2027     70       63       0        4        0                                                                                                                                        
                                                                  56.331580       -25.100000      0.212886         0.000633         0.172238         0.005470         0.391228         1.4          2027     70       66       0        4        0                                                                                                                                        
                                                                  60.000000       -25.100000      0.199166         0.001479         0.186567         0.005470         0.392682         1.4          2027     70       70       0        4        0                                                                                                                                        
                                                                  63.668420       -25.100000      0.186819         0.002260         0.203745         0.005470         0.398295         1.4          2027     70       73       0        4        0                                                                                                                                        
                                                                  67.336840       -25.100000      0.177050         0.002427         0.225440         0.005470         0.410387         1.4          2027     70       76       0        4        0                                                                                                                                        
                                                                  54.634210       -21.780000      0.232628         0.001661         0.168240         0.005470         0.407998         1.4          2027     70       65       0        4        0                                                                                                                                        
                                                                  58.211400       -21.780000      0.216395         0.003092         0.181172         0.005470         0.406129         1.4          2027     70       68       0        4        0                                                                                                                                        
                                                                  61.788600       -21.780000      0.202642         0.002651         0.197053         0.005470         0.407816         1.4          2027     70       71       0        4        0                                                                                                                                        
                                                                  65.365790       -21.780000      0.191050         0.001314         0.217058         0.005470         0.414892         1.4          2027     70       74       0        4        0                                                                                                                                        
                                                                  56.498110       -18.460000      0.241936         0.006533         0.177240         0.005470         0.431179         1.4          2027     70       66       0        4        0                                                                                                                                        
                                                                  60.000000       -18.460000      0.225330         0.001771         0.192494         0.005470         0.425065         1.4          2027     70       69       0        4        0                                                                                                                                        
                                                                  63.501890       -18.460000      0.211325         0.001855         0.210796         0.005470         0.429445         1.4          2027     70       73       0        4        0                                                                                                                                        
                                                                  56.558970       -15.140000      0.257005         0.002490         0.181705         0.005470         0.446670         1.4          2027     70       66       0        4        0                                                                                                                                        
                                                                  60.000000       -15.140000      0.238718         0.002460         0.197293         0.005470         0.443941         1.4          2027     70       69       0        4        0                                                                                                                                        
                                                                  63.441030       -15.140000      0.223338         0.002936         0.216887         0.005470         0.448631         1.4          2027     70       72       0        4        0                                                                                                                                        