# \Rows = 155
# \Cols = 13
# \Coordinate system = equ
# \Equinox = J2000
# \Coordinate format = degree
# \objname is name or coordinates
# \ra is right ascension in degrees J2000
# \dec is declination in degrees J2000
# \zody is zodiacal light, unit = MJy/sr; it is median in viewing zone if ido_view = 1
# \ism is interstellar light, unit = MJy/sr
# \stars is stellar light, unit = MJy/sr
# \cib is cosmic infrared background, unit = MJy/sr
# \totbg is total background, unit = MJy/sr
# \wavelength in microns
# \year
# \day is day of year, or -999 if ido_view = 1
# \selon is solar elongation in deg, or -999 if ido_view = 1
# \obsloc is observing location, 0=L2, 3=Earth orbit
# \obsver is code version
# \ido_view if 1 then use median zodiacal in view range
# |objname                                                         |ra             |dec            |zody            |ism             |stars           |cib             |totbg           |wavelength  |year    |day     |selon   |obsloc  |obsver  |ido_view|errmsg                                                                                                                          |
# |char                                                            |double         |double         |double          |double          |double          |double          |double          |float       |char    |char    |int     |char    |char    |char    |char                                                                                                                            |
# |                                                                |deg            |deg            |MJy/sr          |MJy/sr          |MJy/sr          |MJy/sr          |MJy/sr          |microns     |        |        |deg     |        |        |        |                                                                                                                                |
                                                                  39.316320       -84.860000      0.131333         0.006324         0.477601         0.005470         0.620728         1.4          2027     150      107      0        4        0                                                                                                                                        
                                                                  80.683680       -84.860000      0.130497         0.009065         0.550012         0.005470         0.695044         1.4          2027     150      107      0        4        0                                                                                                                                        
                                                                  36.532830       -81.540000      0.132018         0.005164         0.403864         0.005470         0.546516         1.4          2027     150      104      0        4        0                                                                                                                                        
                                                                  60.000000       -81.540000      0.127059         0.004112         0.442131         0.005470         0.578772         1.4          2027     150      103      0        4        0                                                                                                                                        
                                                                  83.467170       -81.540000      0.126308         0.008612         0.517241         0.005470         0.657631         1.4          2027     150      103      0        4        0                                                                                                                                        
                                                                  35.115910       -78.220000      0.129048         0.003659         0.347705         0.005470         0.485882         1.4          2027     150      101      0        4        0                                                                                                                                        
                                                                  51.705300       -78.220000      0.128197         0.009434         0.372481         0.005470         0.515582         1.4          2027     150      100      0        4        0                                                                                                                                        
                                                                  68.294700       -78.220000      0.127381         0.004601         0.418598         0.005470         0.556051         1.4          2027     150      100      0        4        0                                                                                                                                        
                                                                  84.884090       -78.220000      0.126633         0.010583         0.491254         0.005470         0.633940         1.4          2027     150      100      0        4        0                                                                                                                                        
                                                                  34.202690       -74.900000      0.130679         0.002321         0.303825         0.005470         0.442295         1.4          2027     150      99       0        4        0                                                                                                                                        
                                                                  47.101350       -74.900000      0.129921         0.004112         0.321533         0.005470         0.461036         1.4          2027     150      97       0        4        0                                                                                                                                        
                                                                  60.000000       -74.900000      0.129139         0.008001         0.352672         0.005470         0.495282         1.4          2027     150      97       0        4        0                                                                                                                                        
                                                                  72.898650       -74.900000      0.128327         0.006662         0.400446         0.005470         0.540905         1.4          2027     150      97       0        4        0                                                                                                                                        
                                                                  85.797310       -74.900000      0.127520         0.006196         0.470376         0.005470         0.609562         1.4          2027     150      97       0        4        0                                                                                                                                        
                                                                  33.521010       -71.580000      0.132913         0.001778         0.268915         0.005470         0.409076         1.4          2027     150      96       0        4        0                                                                                                                                        
                                                                  44.112600       -71.580000      0.132243         0.001983         0.282246         0.005470         0.421942         1.4          2027     150      94       0        4        0                                                                                                                                        
                                                                  54.704200       -71.580000      0.131520         0.002175         0.304886         0.005470         0.444050         1.4          2027     150      93       0        4        0                                                                                                                                        
                                                                  65.295800       -71.580000      0.130722         0.007442         0.338284         0.005470         0.481918         1.4          2027     150      93       0        4        0                                                                                                                                        
                                                                  75.887400       -71.580000      0.129858         0.008273         0.386260         0.005470         0.529860         1.4          2027     150      93       0        4        0                                                                                                                                        
                                                                  86.478990       -71.580000      0.128963         0.009922         0.454292         0.005470         0.598646         1.4          2027     150      94       0        4        0                                                                                                                                        
                                                                  32.955670       -68.260000      0.135772         0.002109         0.241076         0.005470         0.384426         1.4          2027     150      93       0        4        0                                                                                                                                        
                                                                  41.970450       -68.260000      0.135170         0.002658         0.251473         0.005470         0.394771         1.4          2027     150      92       0        4        0                                                                                                                                        
                                                                  50.985220       -68.260000      0.134497         0.002517         0.268331         0.005470         0.410815         1.4          2027     150      90       0        4        0                                                                                                                                        
                                                                  60.000000       -68.260000      0.133731         0.006412         0.293095         0.005470         0.438708         1.4          2027     150      90       0        4        0                                                                                                                                        
                                                                  69.014780       -68.260000      0.132869         0.003600         0.327965         0.005470         0.469903         1.4          2027     150      90       0        4        0                                                                                                                                        
                                                                  78.029550       -68.260000      0.131925         0.028667         0.375815         0.005470         0.541876         1.4          2027     150      90       0        4        0                                                                                                                                        
                                                                  87.044330       -68.260000      0.130934         0.018989         0.442189         0.005470         0.597583         1.4          2027     150      91       0        4        0                                                                                                                                        
                                                                  32.448980       -64.940000      0.139269         0.001696         0.218698         0.005470         0.365132         1.4          2027     150      90       0        4        0                                                                                                                                        
                                                                  40.320700       -64.940000      0.139173         0.001554         0.227024         0.005470         0.373221         1.4          2027     150      89       0        4        0                                                                                                                                        
                                                                  48.192420       -64.940000      0.139244         0.002757         0.240245         0.005470         0.387716         1.4          2027     150      88       0        4        0                                                                                                                                        
                                                                  56.064140       -64.940000      0.139053         0.004378         0.258957         0.005470         0.407859         1.4          2027     150      87       0        4        0                                                                                                                                        
                                                                  63.935860       -64.940000      0.138224         0.002591         0.285022         0.005470         0.431307         1.4          2027     150      86       0        4        0                                                                                                                                        
                                                                  71.807580       -64.940000      0.137273         0.002099         0.320592         0.005470         0.465435         1.4          2027     150      87       0        4        0                                                                                                                                        
                                                                  79.679300       -64.940000      0.136221         0.003806         0.368800         0.005470         0.514297         1.4          2027     150      87       0        4        0                                                                                                                                        
                                                                  87.551020       -64.940000      0.134570         0.002758         0.433816         0.005470         0.576613         1.4          2027     150      88       0        4        0                                                                                                                                        
                                                                  31.968360       -61.620000      0.144607         0.002062         0.200234         0.005470         0.352373         1.4          2027     150      88       0        4        0                                                                                                                                        
                                                                  38.976270       -61.620000      0.145087         0.001384         0.207042         0.005470         0.358983         1.4          2027     150      86       0        4        0                                                                                                                                        
                                                                  45.984180       -61.620000      0.145082         0.001722         0.217312         0.005470         0.369586         1.4          2027     150      85       0        4        0                                                                                                                                        
                                                                  52.992090       -61.620000      0.145048         0.002872         0.232519         0.005470         0.385910         1.4          2027     150      84       0        4        0                                                                                                                                        
                                                                  60.000000       -61.620000      0.144298         0.002109         0.252525         0.005470         0.404403         1.4          2027     150      83       0        4        0                                                                                                                                        
                                                                  67.007910       -61.620000      0.143380         0.000941         0.279974         0.005470         0.429766         1.4          2027     150      83       0        4        0                                                                                                                                        
                                                                  74.015820       -61.620000      0.142294         0.001352         0.316212         0.005470         0.465328         1.4          2027     150      83       0        4        0                                                                                                                                        
                                                                  81.023730       -61.620000      0.140482         0.002361         0.364299         0.005470         0.512612         1.4          2027     150      84       0        4        0                                                                                                                                        
                                                                  88.031640       -61.620000      0.139175         0.002768         0.429445         0.005470         0.576858         1.4          2027     150      85       0        4        0                                                                                                                                        
                                                                  31.493700       -58.300000      0.156071         0.001293         0.184839         0.005470         0.347674         1.4          2027     150      85       0        4        0                                                                                                                                        
                                                                  37.828430       -58.300000      0.151337         0.001768         0.190502         0.005470         0.349076         1.4          2027     150      83       0        4        0                                                                                                                                        
                                                                  44.163160       -58.300000      0.151603         0.001078         0.199292         0.005470         0.357443         1.4          2027     150      82       0        4        0                                                                                                                                        
                                                                  50.497900       -58.300000      0.151138         0.001599         0.211332         0.005470         0.369539         1.4          2027     150      81       0        4        0                                                                                                                                        
                                                                  56.832630       -58.300000      0.151223         0.001918         0.227367         0.005470         0.385978         1.4          2027     150      80       0        4        0                                                                                                                                        
                                                                  63.167370       -58.300000      0.150395         0.001159         0.248838         0.005470         0.405862         1.4          2027     150      80       0        4        0                                                                                                                                        
                                                                  69.502100       -58.300000      0.149336         0.000521         0.277238         0.005470         0.432564         1.4          2027     150      80       0        4        0                                                                                                                                        
                                                                  75.836840       -58.300000      0.148055         0.001519         0.314299         0.005470         0.469344         1.4          2027     150      80       0        4        0                                                                                                                                        
                                                                  82.171570       -58.300000      0.146593         0.002047         0.363063         0.005470         0.517174         1.4          2027     150      81       0        4        0                                                                                                                                        
                                                                  88.506300       -58.300000      0.144301         0.003868         0.428327         0.005470         0.581967         1.4          2027     150      82       0        4        0                                                                                                                                        
                                                                  31.011470       -54.980000      0.163416         0.001404         0.172279         0.005470         0.342569         1.4          2027     150      82       0        4        0                                                                                                                                        
                                                                  36.809180       -54.980000      0.158940         0.001467         0.177055         0.005470         0.342932         1.4          2027     150      81       0        4        0                                                                                                                                        
                                                                  42.606880       -54.980000      0.158772         0.001398         0.184444         0.005470         0.350084         1.4          2027     150      79       0        4        0                                                                                                                                        
                                                                  48.404590       -54.980000      0.159298         0.000785         0.194052         0.005470         0.359605         1.4          2027     150      78       0        4        0                                                                                                                                        
                                                                  54.202290       -54.980000      0.158862         0.000860         0.207604         0.005470         0.372795         1.4          2027     150      77       0        4        0                                                                                                                                        
                                                                  60.000000       -54.980000      0.158680         0.000858         0.224709         0.005470         0.389716         1.4          2027     150      77       0        4        0                                                                                                                                        
                                                                  65.797710       -54.980000      0.157710         0.000384         0.247618         0.005470         0.411182         1.4          2027     150      77       0        4        0                                                                                                                                        
                                                                  71.595410       -54.980000      0.156441         0.000619         0.276690         0.005470         0.439220         1.4          2027     150      77       0        4        0                                                                                                                                        
                                                                  77.393120       -54.980000      0.154893         0.001343         0.314852         0.005470         0.476558         1.4          2027     150      77       0        4        0                                                                                                                                        
                                                                  83.190820       -54.980000      0.152627         0.002578         0.364797         0.005470         0.525472         1.4          2027     150      78       0        4        0                                                                                                                                        
                                                                  88.988530       -54.980000      0.150710         0.004820         0.431385         0.005470         0.592386         1.4          2027     150      79       0        4        0                                                                                                                                        
                                                                  30.511950       -51.660000      0.171484         0.000906         0.162085         0.005470         0.339945         1.4          2027     150      80       0        4        0                                                                                                                                        
                                                                  35.873410       -51.660000      0.172738         0.001801         0.165772         0.005470         0.345782         1.4          2027     150      78       0        4        0                                                                                                                                        
                                                                  41.234880       -51.660000      0.167921         0.001531         0.172085         0.005470         0.347007         1.4          2027     150      76       0        4        0                                                                                                                                        
                                                                  46.596340       -51.660000      0.167899         0.001124         0.180153         0.005470         0.354646         1.4          2027     150      75       0        4        0                                                                                                                                        
                                                                  51.957800       -51.660000      0.168164         0.000771         0.191573         0.005470         0.365979         1.4          2027     150      74       0        4        0                                                                                                                                        
                                                                  57.319270       -51.660000      0.167662         0.000696         0.205766         0.005470         0.379594         1.4          2027     150      74       0        4        0                                                                                                                                        
                                                                  62.680730       -51.660000      0.166827         0.000976         0.224325         0.005470         0.397598         1.4          2027     150      73       0        4        0                                                                                                                                        
                                                                  68.042200       -51.660000      0.165630         0.000601         0.247991         0.005470         0.419692         1.4          2027     150      73       0        4        0                                                                                                                                        
                                                                  73.403660       -51.660000      0.164073         0.000577         0.278726         0.005470         0.448846         1.4          2027     150      73       0        4        0                                                                                                                                        
                                                                  78.765120       -51.660000      0.162187         0.000989         0.318366         0.005470         0.487012         1.4          2027     150      74       0        4        0                                                                                                                                        
                                                                  84.126590       -51.660000      0.160036         0.002125         0.370092         0.005470         0.537723         1.4          2027     150      75       0        4        0                                                                                                                                        
                                                                  89.488050       -51.660000      0.157233         0.003238         0.438923         0.005470         0.604864         1.4          2027     150      76       0        4        0                                                                                                                                        
                                                                  32.488610       -48.340000      0.182357         0.001064         0.154893         0.005470         0.343785         1.4          2027     150      76       0        4        0                                                                                                                                        
                                                                  37.490680       -48.340000      0.183689         0.000897         0.159167         0.005470         0.349223         1.4          2027     150      74       0        4        0                                                                                                                                        
                                                                  42.492750       -48.340000      0.178018         0.001901         0.165112         0.005470         0.350500         1.4          2027     150      73       0        4        0                                                                                                                                        
                                                                  47.494820       -48.340000      0.178630         0.001171         0.173405         0.005470         0.358676         1.4          2027     150      72       0        4        0                                                                                                                                        
                                                                  52.496890       -48.340000      0.178506         0.000539         0.184048         0.005470         0.368564         1.4          2027     150      71       0        4        0                                                                                                                                        
                                                                  57.498960       -48.340000      0.178041         0.000431         0.197581         0.005470         0.381524         1.4          2027     150      70       0        4        0                                                                                                                                        
                                                                  62.501040       -48.340000      0.177606         0.000781         0.215130         0.005470         0.398986         1.4          2027     150      70       0        4        0                                                                                                                                        
                                                                  67.503110       -48.340000      0.176315         0.000750         0.237315         0.005470         0.419850         1.4          2027     150      70       0        4        0                                                                                                                                        
                                                                  72.505180       -48.340000      0.174593         0.000947         0.265927         0.005470         0.446937         1.4          2027     150      70       0        4        0                                                                                                                                        
                                                                  77.507250       -48.340000      0.172050         0.000628         0.302153         0.005470         0.480301         1.4          2027     150      71       0        4        0                                                                                                                                        
                                                                  82.509320       -48.340000      0.169589         0.001884         0.349564         0.005470         0.526507         1.4          2027     150      71       0        4        0                                                                                                                                        
                                                                  87.511390       -48.340000      0.166873         0.004296         0.412202         0.005470         0.588842         1.4          2027     150      72       0        4        0                                                                                                                                        
                                                                  36.486220       -45.020000      0.195324         0.000997         0.151185         0.005470         0.352976         1.4          2027     150      72       0        4        0                                                                                                                                        
                                                                  41.188980       -45.020000      0.196393         0.001218         0.156336         0.005470         0.359418         1.4          2027     150      70       0        4        0                                                                                                                                        
                                                                  45.891730       -45.020000      0.190831         0.001024         0.163546         0.005470         0.360871         1.4          2027     150      69       0        4        0                                                                                                                                        
                                                                  50.594490       -45.020000      0.190973         0.001017         0.172742         0.005470         0.370202         1.4          2027     150      68       0        4        0                                                                                                                                        
                                                                  55.297240       -45.020000      0.190747         0.000593         0.184351         0.005470         0.381161         1.4          2027     150      67       0        4        0                                                                                                                                        
                                                                  60.000000       -45.020000      0.190497         0.000313         0.198956         0.005470         0.395236         1.4          2027     150      67       0        4        0                                                                                                                                        
                                                                  64.702760       -45.020000      0.189344         0.000850         0.217735         0.005470         0.413399         1.4          2027     150      67       0        4        0                                                                                                                                        
                                                                  69.405510       -45.020000      0.187683         0.000583         0.241379         0.005470         0.435116         1.4          2027     150      67       0        4        0                                                                                                                                        
                                                                  74.108270       -45.020000      0.185526         0.000836         0.271775         0.005470         0.463607         1.4          2027     150      67       0        4        0                                                                                                                                        
                                                                  78.811020       -45.020000      0.182509         0.001592         0.310252         0.005470         0.499823         1.4          2027     150      68       0        4        0                                                                                                                                        
                                                                  83.513780       -45.020000      0.179526         0.002084         0.360587         0.005470         0.547667         1.4          2027     150      68       0        4        0                                                                                                                                        
                                                                  39.968550       -41.700000      0.214703         0.001071         0.149000         0.005470         0.370244         1.4          2027     150      68       0        4        0                                                                                                                                        
                                                                  44.419980       -41.700000      0.212180         0.000651         0.155354         0.005470         0.373656         1.4          2027     150      66       0        4        0                                                                                                                                        
                                                                  48.871420       -41.700000      0.205691         0.000744         0.163417         0.005470         0.375322         1.4          2027     150      65       0        4        0                                                                                                                                        
                                                                  53.322850       -41.700000      0.205746         0.000632         0.173538         0.005470         0.385386         1.4          2027     150      64       0        4        0                                                                                                                                        
                                                                  57.774280       -41.700000      0.205729         0.000649         0.186187         0.005470         0.398035         1.4          2027     150      64       0        4        0                                                                                                                                        
                                                                  62.225720       -41.700000      0.204762         0.000648         0.202385         0.005470         0.413265         1.4          2027     150      63       0        4        0                                                                                                                                        
                                                                  66.677150       -41.700000      0.203210         0.001425         0.222600         0.005470         0.432705         1.4          2027     150      63       0        4        0                                                                                                                                        
                                                                  71.128580       -41.700000      0.201066         0.000863         0.248009         0.005470         0.455408         1.4          2027     150      63       0        4        0                                                                                                                                        
                                                                  75.580020       -41.700000      0.198358         0.001064         0.280242         0.005470         0.485133         1.4          2027     150      64       0        4        0                                                                                                                                        
                                                                  80.031450       -41.700000      0.194748         0.001218         0.321984         0.005470         0.523421         1.4          2027     150      65       0        4        0                                                                                                                                        
                                                                  43.043240       -38.380000      0.233459         0.001229         0.148545         0.005470         0.388703         1.4          2027     150      64       0        4        0                                                                                                                                        
                                                                  47.282430       -38.380000      0.235147         0.001203         0.155708         0.005470         0.397528         1.4          2027     150      62       0        4        0                                                                                                                                        
                                                                  51.521620       -38.380000      0.231411         0.001081         0.164659         0.005470         0.402622         1.4          2027     150      61       0        4        0                                                                                                                                        
                                                                  55.760810       -38.380000      0.223752         0.000549         0.175787         0.005470         0.405558         1.4          2027     150      61       0        4        0                                                                                                                                        
                                                                  60.000000       -38.380000      0.223020         0.000289         0.189998         0.005470         0.418778         1.4          2027     150      60       0        4        0                                                                                                                                        
                                                                  64.239190       -38.380000      0.221625         0.001518         0.207212         0.005470         0.435825         1.4          2027     150      60       0        4        0                                                                                                                                        
                                                                  68.478380       -38.380000      0.219538         0.001188         0.229152         0.005470         0.455348         1.4          2027     150      60       0        4        0                                                                                                                                        
                                                                  72.717570       -38.380000      0.216770         0.001036         0.256730         0.005470         0.480006         1.4          2027     150      60       0        4        0                                                                                                                                        
                                                                  76.956760       -38.380000      0.213368         0.001505         0.292142         0.005470         0.512485         1.4          2027     150      61       0        4        0                                                                                                                                        
                                                                  45.792350       -35.060000      0.255415         0.001264         0.149349         0.005470         0.411498         1.4          2027     150      60       0        4        0                                                                                                                                        
                                                                  49.851680       -35.060000      0.257069         0.001016         0.157370         0.005470         0.420924         1.4          2027     150      59       0        4        0                                                                                                                                        
                                                                  53.911010       -35.060000      0.258106         0.000870         0.167298         0.005470         0.431744         1.4          2027     150      58       0        4        0                                                                                                                                        
                                                                  57.970340       -35.060000      0.244718         0.000646         0.179958         0.005470         0.430792         1.4          2027     150      57       0        4        0                                                                                                                                        
                                                                  62.029660       -35.060000      0.243532         0.000559         0.195150         0.005470         0.444711         1.4          2027     150      57       0        4        0                                                                                                                                        
                                                                  66.088990       -35.060000      0.241549         0.001754         0.214433         0.005470         0.463205         1.4          2027     150      57       0        4        0                                                                                                                                        
                                                                  70.148320       -35.060000      0.238755         0.002147         0.238478         0.005470         0.484851         1.4          2027     150      57       0        4        0                                                                                                                                        
                                                                  74.207650       -35.060000      0.235182         0.001601         0.268752         0.005470         0.511006         1.4          2027     150      57       0        4        0                                                                                                                                        
                                                                  48.279790       -31.740000      0.281789         0.000892         0.151806         0.005470         0.439957         1.4          2027     150      56       0        4        0                                                                                                                                        
                                                                  52.186530       -31.740000      0.283289         0.000969         0.160779         0.005470         0.450507         1.4          2027     150      55       0        4        0                                                                                                                                        
                                                                  56.093260       -31.740000      0.283985         0.000413         0.171824         0.005470         0.461692         1.4          2027     150      54       0        4        0                                                                                                                                        
                                                                  60.000000       -31.740000      0.283747         0.000462         0.185822         0.005470         0.475501         1.4          2027     150      54       0        4        0                                                                                                                                        
                                                                  63.906740       -31.740000      0.282467         0.001902         0.202653         0.005470         0.492492         1.4          2027     150      53       0        4        0                                                                                                                                        
                                                                  67.813470       -31.740000      0.264742         0.001315         0.223983         0.005470         0.495510         1.4          2027     150      53       0        4        0                                                                                                                                        
                                                                  71.720210       -31.740000      0.261014         0.001176         0.250637         0.005470         0.518297         1.4          2027     150      54       0        4        0                                                                                                                                        
                                                                  50.556350       -28.420000      0.313619         0.000875         0.155599         0.005470         0.475562         1.4          2027     150      52       0        4        0                                                                                                                                        
                                                                  54.333810       -28.420000      0.314808         0.000702         0.165668         0.005470         0.486648         1.4          2027     150      51       0        4        0                                                                                                                                        
                                                                  58.111270       -28.420000      0.314973         0.000519         0.178027         0.005470         0.498989         1.4          2027     150      51       0        4        0                                                                                                                                        
                                                                  61.888730       -28.420000      0.313974         0.001641         0.193631         0.005470         0.514716         1.4          2027     150      50       0        4        0                                                                                                                                        
                                                                  65.666190       -28.420000      0.311717         0.002034         0.212461         0.005470         0.531681         1.4          2027     150      50       0        4        0                                                                                                                                        
                                                                  69.443650       -28.420000      0.308161         0.001804         0.236324         0.005470         0.551759         1.4          2027     150      50       0        4        0                                                                                                                                        
                                                                  52.663160       -25.100000      0.352322         0.000865         0.160872         0.005470         0.519529         1.4          2027     150      48       0        4        0                                                                                                                                        
                                                                  56.331580       -25.100000      0.352983         0.000633         0.172238         0.005470         0.531324         1.4          2027     150      48       0        4        0                                                                                                                                        
                                                                  60.000000       -25.100000      0.352346         0.001479         0.186567         0.005470         0.545863         1.4          2027     150      47       0        4        0                                                                                                                                        
                                                                  63.668420       -25.100000      0.350267         0.002260         0.203745         0.005470         0.561742         1.4          2027     150      47       0        4        0                                                                                                                                        
                                                                  67.336840       -25.100000      0.346663         0.002427         0.225440         0.005470         0.580000         1.4          2027     150      47       0        4        0                                                                                                                                        
                                                                  54.634210       -21.780000      0.413662         0.001661         0.168240         0.005470         0.589033         1.4          2027     150      45       0        4        0                                                                                                                                        
                                                                  58.211400       -21.780000      0.399282         0.003092         0.181172         0.005470         0.589016         1.4          2027     150      44       0        4        0                                                                                                                                        
                                                                  61.788600       -21.780000      0.397858         0.002651         0.197053         0.005470         0.603031         1.4          2027     150      44       0        4        0                                                                                                                                        
                                                                  65.365790       -21.780000      0.394236         0.001314         0.217058         0.005470         0.618079         1.4          2027     150      43       0        4        0                                                                                                                                        
                                                                  56.498110       -18.460000      0.473360         0.006533         0.177240         0.005470         0.662603         1.4          2027     150      41       0        4        0                                                                                                                                        
                                                                  60.000000       -18.460000      0.472695         0.001771         0.192494         0.005470         0.672431         1.4          2027     150      40       0        4        0                                                                                                                                        
                                                                  63.501890       -18.460000      0.453539         0.001855         0.210796         0.005470         0.671660         1.4          2027     150      40       0        4        0                                                                                                                                        
                                                                  56.558970       -15.140000      0.556006         0.002490         0.181705         0.005470         0.745671         1.4          2027     150      38       0        4        0                                                                                                                                        
                                                                  60.000000       -15.140000      0.555652         0.002460         0.197293         0.005470         0.760875         1.4          2027     150      37       0        4        0                                                                                                                                        
                                                                  63.441030       -15.140000      0.551967         0.002936         0.216887         0.005470         0.777259         1.4          2027     150      37       0        4        0                                                                                                                                        