# \Rows = 155
# \Cols = 13
# \Coordinate system = equ
# \Equinox = J2000
# \Coordinate format = degree
# \objname is name or coordinates
# \ra is right ascension in degrees J2000
# \dec is declination in degrees J2000
# \zody is zodiacal light, unit = MJy/sr; it is median in viewing zone if ido_view = 1
# \ism is interstellar light, unit = MJy/sr
# \stars is stellar light, unit = MJy/sr
# \cib is cosmic infrared background, unit = MJy/sr
# \totbg is total background, unit = MJy/sr
# \wavelength in microns
# \year
# \day is day of year, or -999 if ido_view = 1
# \selon is solar elongation in deg, or -999 if ido_view = 1
# \obsloc is observing location, 0=L2, 3=Earth orbit
# \obsver is code version
# \ido_view if 1 then use median zodiacal in view range
# |objname                                                         |ra             |dec            |zody            |ism             |stars           |cib             |totbg           |wavelength  |year    |day     |selon   |obsloc  |obsver  |ido_view|errmsg                                                                                                                          |
# |char                                                            |double         |double         |double          |double          |double          |double          |double          |float       |char    |char    |int     |char    |char    |char    |char                                                                                                                            |
# |                                                                |deg            |deg            |MJy/sr          |MJy/sr          |MJy/sr          |MJy/sr          |MJy/sr          |microns     |        |        |deg     |        |        |        |                                                                                                                                |
                                                                  39.316320       -84.860000      0.163498         0.006324         0.477601         0.005470         0.652892         1.4          2027     1        69       0        4        0                                                                                                                                        
                                                                  80.683680       -84.860000      0.156056         0.009065         0.550012         0.005470         0.720604         1.4          2027     1        72       0        4        0                                                                                                                                        
                                                                  36.532830       -81.540000      0.159655         0.005164         0.403864         0.005470         0.574154         1.4          2027     1        71       0        4        0                                                                                                                                        
                                                                  60.000000       -81.540000      0.151636         0.004112         0.442131         0.005470         0.603349         1.4          2027     1        73       0        4        0                                                                                                                                        
                                                                  83.467170       -81.540000      0.147080         0.008612         0.517241         0.005470         0.678403         1.4          2027     1        75       0        4        0                                                                                                                                        
                                                                  35.115910       -78.220000      0.156908         0.003659         0.347705         0.005470         0.513742         1.4          2027     1        72       0        4        0                                                                                                                                        
                                                                  51.705300       -78.220000      0.148492         0.009434         0.372481         0.005470         0.535877         1.4          2027     1        75       0        4        0                                                                                                                                        
                                                                  68.294700       -78.220000      0.142926         0.004601         0.418598         0.005470         0.571596         1.4          2027     1        77       0        4        0                                                                                                                                        
                                                                  84.884090       -78.220000      0.140094         0.010583         0.491254         0.005470         0.647401         1.4          2027     1        78       0        4        0                                                                                                                                        
                                                                  34.202690       -74.900000      0.154282         0.002321         0.303825         0.005470         0.465898         1.4          2027     1        73       0        4        0                                                                                                                                        
                                                                  47.101350       -74.900000      0.146571         0.004112         0.321533         0.005470         0.477686         1.4          2027     1        76       0        4        0                                                                                                                                        
                                                                  60.000000       -74.900000      0.140738         0.008001         0.352672         0.005470         0.506881         1.4          2027     1        79       0        4        0                                                                                                                                        
                                                                  72.898650       -74.900000      0.136577         0.006662         0.400446         0.005470         0.549155         1.4          2027     1        80       0        4        0                                                                                                                                        
                                                                  85.797310       -74.900000      0.133908         0.006196         0.470376         0.005470         0.615950         1.4          2027     1        81       0        4        0                                                                                                                                        
                                                                  33.521010       -71.580000      0.152201         0.001778         0.268915         0.005470         0.428365         1.4          2027     1        75       0        4        0                                                                                                                                        
                                                                  44.112600       -71.580000      0.144724         0.001983         0.282246         0.005470         0.434423         1.4          2027     1        78       0        4        0                                                                                                                                        
                                                                  54.704200       -71.580000      0.138853         0.002175         0.304886         0.005470         0.451383         1.4          2027     1        80       0        4        0                                                                                                                                        
                                                                  65.295800       -71.580000      0.134380         0.007442         0.338284         0.005470         0.485575         1.4          2027     1        82       0        4        0                                                                                                                                        
                                                                  75.887400       -71.580000      0.130985         0.008273         0.386260         0.005470         0.530987         1.4          2027     1        84       0        4        0                                                                                                                                        
                                                                  86.478990       -71.580000      0.128708         0.009922         0.454292         0.005470         0.598392         1.4          2027     1        85       0        4        0                                                                                                                                        
                                                                  32.955670       -68.260000      0.151234         0.002109         0.241076         0.005470         0.399889         1.4          2027     1        76       0        4        0                                                                                                                                        
                                                                  41.970450       -68.260000      0.143434         0.002658         0.251473         0.005470         0.403035         1.4          2027     1        79       0        4        0                                                                                                                                        
                                                                  50.985220       -68.260000      0.137629         0.002517         0.268331         0.005470         0.413947         1.4          2027     1        82       0        4        0                                                                                                                                        
                                                                  60.000000       -68.260000      0.132919         0.006412         0.293095         0.005470         0.437896         1.4          2027     1        84       0        4        0                                                                                                                                        
                                                                  69.014780       -68.260000      0.128739         0.003600         0.327965         0.005470         0.465774         1.4          2027     1        86       0        4        0                                                                                                                                        
                                                                  78.029550       -68.260000      0.126103         0.028667         0.375815         0.005470         0.536054         1.4          2027     1        87       0        4        0                                                                                                                                        
                                                                  87.044330       -68.260000      0.124306         0.018989         0.442189         0.005470         0.590955         1.4          2027     1        88       0        4        0                                                                                                                                        
                                                                  32.448980       -64.940000      0.150315         0.001696         0.218698         0.005470         0.376179         1.4          2027     1        78       0        4        0                                                                                                                                        
                                                                  40.320700       -64.940000      0.143287         0.001554         0.227024         0.005470         0.377334         1.4          2027     1        80       0        4        0                                                                                                                                        
                                                                  48.192420       -64.940000      0.136888         0.002757         0.240245         0.005470         0.385360         1.4          2027     1        83       0        4        0                                                                                                                                        
                                                                  56.064140       -64.940000      0.131651         0.004378         0.258957         0.005470         0.400457         1.4          2027     1        85       0        4        0                                                                                                                                        
                                                                  63.935860       -64.940000      0.127560         0.002591         0.285022         0.005470         0.420643         1.4          2027     1        87       0        4        0                                                                                                                                        
                                                                  71.807580       -64.940000      0.124482         0.002099         0.320592         0.005470         0.452644         1.4          2027     1        89       0        4        0                                                                                                                                        
                                                                  79.679300       -64.940000      0.122279         0.003806         0.368800         0.005470         0.500355         1.4          2027     1        90       0        4        0                                                                                                                                        
                                                                  87.551020       -64.940000      0.121059         0.002758         0.433816         0.005470         0.563103         1.4          2027     1        91       0        4        0                                                                                                                                        
                                                                  31.968360       -61.620000      0.149996         0.002062         0.200234         0.005470         0.357762         1.4          2027     1        79       0        4        0                                                                                                                                        
                                                                  38.976270       -61.620000      0.143160         0.001384         0.207042         0.005470         0.357056         1.4          2027     1        82       0        4        0                                                                                                                                        
                                                                  45.984180       -61.620000      0.136797         0.001722         0.217312         0.005470         0.361301         1.4          2027     1        85       0        4        0                                                                                                                                        
                                                                  52.992090       -61.620000      0.131667         0.002872         0.232519         0.005470         0.372529         1.4          2027     1        87       0        4        0                                                                                                                                        
                                                                  60.000000       -61.620000      0.127310         0.002109         0.252525         0.005470         0.387415         1.4          2027     1        89       0        4        0                                                                                                                                        
                                                                  67.007910       -61.620000      0.124236         0.000941         0.279974         0.005470         0.410621         1.4          2027     1        91       0        4        0                                                                                                                                        
                                                                  74.015820       -61.620000      0.122106         0.001352         0.316212         0.005470         0.445140         1.4          2027     1        93       0        4        0                                                                                                                                        
                                                                  81.023730       -61.620000      0.120504         0.002361         0.364299         0.005470         0.492635         1.4          2027     1        94       0        4        0                                                                                                                                        
                                                                  88.031640       -61.620000      0.119406         0.002768         0.429445         0.005470         0.557089         1.4          2027     1        95       0        4        0                                                                                                                                        
                                                                  31.493700       -58.300000      0.153563         0.001293         0.184839         0.005470         0.345165         1.4          2027     1        80       0        4        0                                                                                                                                        
                                                                  37.828430       -58.300000      0.143525         0.001768         0.190502         0.005470         0.341264         1.4          2027     1        83       0        4        0                                                                                                                                        
                                                                  44.163160       -58.300000      0.137346         0.001078         0.199292         0.005470         0.343185         1.4          2027     1        86       0        4        0                                                                                                                                        
                                                                  50.497900       -58.300000      0.131966         0.001599         0.211332         0.005470         0.350368         1.4          2027     1        88       0        4        0                                                                                                                                        
                                                                  56.832630       -58.300000      0.127860         0.001918         0.227367         0.005470         0.362615         1.4          2027     1        91       0        4        0                                                                                                                                        
                                                                  63.167370       -58.300000      0.124981         0.001159         0.248838         0.005470         0.380447         1.4          2027     1        93       0        4        0                                                                                                                                        
                                                                  69.502100       -58.300000      0.122625         0.000521         0.277238         0.005470         0.405853         1.4          2027     1        94       0        4        0                                                                                                                                        
                                                                  75.836840       -58.300000      0.120756         0.001519         0.314299         0.005470         0.442045         1.4          2027     1        96       0        4        0                                                                                                                                        
                                                                  82.171570       -58.300000      0.119342         0.002047         0.363063         0.005470         0.489923         1.4          2027     1        97       0        4        0                                                                                                                                        
                                                                  88.506300       -58.300000      0.118356         0.003868         0.428327         0.005470         0.556021         1.4          2027     1        98       0        4        0                                                                                                                                        
                                                                  31.011470       -54.980000      0.154282         0.001404         0.172279         0.005470         0.333435         1.4          2027     1        82       0        4        0                                                                                                                                        
                                                                  36.809180       -54.980000      0.146930         0.001467         0.177055         0.005470         0.330923         1.4          2027     1        85       0        4        0                                                                                                                                        
                                                                  42.606880       -54.980000      0.140458         0.001398         0.184444         0.005470         0.331770         1.4          2027     1        87       0        4        0                                                                                                                                        
                                                                  48.404590       -54.980000      0.132967         0.000785         0.194052         0.005470         0.333274         1.4          2027     1        90       0        4        0                                                                                                                                        
                                                                  54.202290       -54.980000      0.129325         0.000860         0.207604         0.005470         0.343259         1.4          2027     1        92       0        4        0                                                                                                                                        
                                                                  60.000000       -54.980000      0.126285         0.000858         0.224709         0.005470         0.357321         1.4          2027     1        94       0        4        0                                                                                                                                        
                                                                  65.797710       -54.980000      0.123751         0.000384         0.247618         0.005470         0.377223         1.4          2027     1        96       0        4        0                                                                                                                                        
                                                                  71.595410       -54.980000      0.121681         0.000619         0.276690         0.005470         0.404460         1.4          2027     1        98       0        4        0                                                                                                                                        
                                                                  77.393120       -54.980000      0.120037         0.001343         0.314852         0.005470         0.441701         1.4          2027     1        99       0        4        0                                                                                                                                        
                                                                  83.190820       -54.980000      0.118785         0.002578         0.364797         0.005470         0.491631         1.4          2027     1        100      0        4        0                                                                                                                                        
                                                                  88.988530       -54.980000      0.117901         0.004820         0.431385         0.005470         0.559576         1.4          2027     1        101      0        4        0                                                                                                                                        
                                                                  30.511950       -51.660000      0.155784         0.000906         0.162085         0.005470         0.324245         1.4          2027     1        83       0        4        0                                                                                                                                        
                                                                  35.873410       -51.660000      0.148582         0.001801         0.165772         0.005470         0.321625         1.4          2027     1        86       0        4        0                                                                                                                                        
                                                                  41.234880       -51.660000      0.142267         0.001531         0.172085         0.005470         0.321352         1.4          2027     1        89       0        4        0                                                                                                                                        
                                                                  46.596340       -51.660000      0.137271         0.001124         0.180153         0.005470         0.324018         1.4          2027     1        91       0        4        0                                                                                                                                        
                                                                  51.957800       -51.660000      0.133530         0.000771         0.191573         0.005470         0.331344         1.4          2027     1        94       0        4        0                                                                                                                                        
                                                                  57.319270       -51.660000      0.130336         0.000696         0.205766         0.005470         0.342268         1.4          2027     1        96       0        4        0                                                                                                                                        
                                                                  62.680730       -51.660000      0.125436         0.000976         0.224325         0.005470         0.356207         1.4          2027     1        98       0        4        0                                                                                                                                        
                                                                  68.042200       -51.660000      0.123198         0.000601         0.247991         0.005470         0.377260         1.4          2027     1        100      0        4        0                                                                                                                                        
                                                                  73.403660       -51.660000      0.121371         0.000577         0.278726         0.005470         0.406145         1.4          2027     1        101      0        4        0                                                                                                                                        
                                                                  78.765120       -51.660000      0.119920         0.000989         0.318366         0.005470         0.444745         1.4          2027     1        103      0        4        0                                                                                                                                        
                                                                  84.126590       -51.660000      0.118811         0.002125         0.370092         0.005470         0.496498         1.4          2027     1        104      0        4        0                                                                                                                                        
                                                                  89.488050       -51.660000      0.118021         0.003238         0.438923         0.005470         0.565651         1.4          2027     1        105      0        4        0                                                                                                                                        
                                                                  32.488610       -48.340000      0.154371         0.001064         0.154893         0.005470         0.315799         1.4          2027     1        86       0        4        0                                                                                                                                        
                                                                  37.490680       -48.340000      0.147516         0.000897         0.159167         0.005470         0.313049         1.4          2027     1        89       0        4        0                                                                                                                                        
                                                                  42.492750       -48.340000      0.142029         0.001901         0.165112         0.005470         0.314512         1.4          2027     1        91       0        4        0                                                                                                                                        
                                                                  47.494820       -48.340000      0.137833         0.001171         0.173405         0.005470         0.317879         1.4          2027     1        94       0        4        0                                                                                                                                        
                                                                  52.496890       -48.340000      0.134214         0.000539         0.184048         0.005470         0.324271         1.4          2027     1        96       0        4        0                                                                                                                                        
                                                                  57.498960       -48.340000      0.131123         0.000431         0.197581         0.005470         0.334605         1.4          2027     1        99       0        4        0                                                                                                                                        
                                                                  62.501040       -48.340000      0.128510         0.000781         0.215130         0.005470         0.349890         1.4          2027     1        101      0        4        0                                                                                                                                        
                                                                  67.503110       -48.340000      0.126328         0.000750         0.237315         0.005470         0.369863         1.4          2027     1        102      0        4        0                                                                                                                                        
                                                                  72.505180       -48.340000      0.124534         0.000947         0.265927         0.005470         0.396878         1.4          2027     1        104      0        4        0                                                                                                                                        
                                                                  77.507250       -48.340000      0.123089         0.000628         0.302153         0.005470         0.431339         1.4          2027     1        105      0        4        0                                                                                                                                        
                                                                  82.509320       -48.340000      0.121959         0.001884         0.349564         0.005470         0.478877         1.4          2027     1        107      0        4        0                                                                                                                                        
                                                                  87.511390       -48.340000      0.121116         0.004296         0.412202         0.005470         0.543084         1.4          2027     1        108      0        4        0                                                                                                                                        
                                                                  36.486220       -45.020000      0.150331         0.000997         0.151185         0.005470         0.307983         1.4          2027     1        90       0        4        0                                                                                                                                        
                                                                  41.188980       -45.020000      0.145295         0.001218         0.156336         0.005470         0.308320         1.4          2027     1        93       0        4        0                                                                                                                                        
                                                                  45.891730       -45.020000      0.140905         0.001024         0.163546         0.005470         0.310946         1.4          2027     1        95       0        4        0                                                                                                                                        
                                                                  50.594490       -45.020000      0.137109         0.001017         0.172742         0.005470         0.316337         1.4          2027     1        98       0        4        0                                                                                                                                        
                                                                  55.297240       -45.020000      0.133851         0.000593         0.184351         0.005470         0.324266         1.4          2027     1        100      0        4        0                                                                                                                                        
                                                                  60.000000       -45.020000      0.131081         0.000313         0.198956         0.005470         0.335820         1.4          2027     1        102      0        4        0                                                                                                                                        
                                                                  64.702760       -45.020000      0.128748         0.000850         0.217735         0.005470         0.352804         1.4          2027     1        104      0        4        0                                                                                                                                        
                                                                  69.405510       -45.020000      0.126809         0.000583         0.241379         0.005470         0.374241         1.4          2027     1        106      0        4        0                                                                                                                                        
                                                                  74.108270       -45.020000      0.125219         0.000836         0.271775         0.005470         0.403300         1.4          2027     1        108      0        4        0                                                                                                                                        
                                                                  78.811020       -45.020000      0.123944         0.001592         0.310252         0.005470         0.441258         1.4          2027     1        109      0        4        0                                                                                                                                        
                                                                  83.513780       -45.020000      0.122948         0.002084         0.360587         0.005470         0.491090         1.4          2027     1        110      0        4        0                                                                                                                                        
                                                                  39.968550       -41.700000      0.149202         0.001071         0.149000         0.005470         0.304743         1.4          2027     1        94       0        4        0                                                                                                                                        
                                                                  44.419980       -41.700000      0.144580         0.000651         0.155354         0.005470         0.306056         1.4          2027     1        97       0        4        0                                                                                                                                        
                                                                  48.871420       -41.700000      0.140575         0.000744         0.163417         0.005470         0.310206         1.4          2027     1        99       0        4        0                                                                                                                                        
                                                                  53.322850       -41.700000      0.137128         0.000632         0.173538         0.005470         0.316768         1.4          2027     1        102      0        4        0                                                                                                                                        
                                                                  57.774280       -41.700000      0.134185         0.000649         0.186187         0.005470         0.326491         1.4          2027     1        104      0        4        0                                                                                                                                        
                                                                  62.225720       -41.700000      0.131695         0.000648         0.202385         0.005470         0.340198         1.4          2027     1        106      0        4        0                                                                                                                                        
                                                                  66.677150       -41.700000      0.129609         0.001425         0.222600         0.005470         0.359104         1.4          2027     1        108      0        4        0                                                                                                                                        
                                                                  71.128580       -41.700000      0.127883         0.000863         0.248009         0.005470         0.382225         1.4          2027     1        110      0        4        0                                                                                                                                        
                                                                  75.580020       -41.700000      0.126477         0.001064         0.280242         0.005470         0.413252         1.4          2027     1        111      0        4        0                                                                                                                                        
                                                                  80.031450       -41.700000      0.125352         0.001218         0.321984         0.005470         0.454025         1.4          2027     1        112      0        4        0                                                                                                                                        
                                                                  43.043240       -38.380000      0.151246         0.001229         0.148545         0.005470         0.306490         1.4          2027     1        98       0        4        0                                                                                                                                        
                                                                  47.282430       -38.380000      0.144654         0.001203         0.155708         0.005470         0.307035         1.4          2027     1        101      0        4        0                                                                                                                                        
                                                                  51.521620       -38.380000      0.140987         0.001081         0.164659         0.005470         0.312198         1.4          2027     1        103      0        4        0                                                                                                                                        
                                                                  55.760810       -38.380000      0.137847         0.000549         0.175787         0.005470         0.319653         1.4          2027     1        105      0        4        0                                                                                                                                        
                                                                  60.000000       -38.380000      0.135182         0.000289         0.189998         0.005470         0.330939         1.4          2027     1        107      0        4        0                                                                                                                                        
                                                                  64.239190       -38.380000      0.132939         0.001518         0.207212         0.005470         0.347139         1.4          2027     1        109      0        4        0                                                                                                                                        
                                                                  68.478380       -38.380000      0.131073         0.001188         0.229152         0.005470         0.366883         1.4          2027     1        111      0        4        0                                                                                                                                        
                                                                  72.717570       -38.380000      0.129538         0.001036         0.256730         0.005470         0.392774         1.4          2027     1        113      0        4        0                                                                                                                                        
                                                                  76.956760       -38.380000      0.128294         0.001505         0.292142         0.005470         0.427411         1.4          2027     1        114      0        4        0                                                                                                                                        
                                                                  45.792350       -35.060000      0.151569         0.001264         0.149349         0.005470         0.307652         1.4          2027     1        102      0        4        0                                                                                                                                        
                                                                  49.851680       -35.060000      0.147658         0.001016         0.157370         0.005470         0.311513         1.4          2027     1        104      0        4        0                                                                                                                                        
                                                                  53.911010       -35.060000      0.144308         0.000870         0.167298         0.005470         0.317946         1.4          2027     1        107      0        4        0                                                                                                                                        
                                                                  57.970340       -35.060000      0.141461         0.000646         0.179958         0.005470         0.327535         1.4          2027     1        109      0        4        0                                                                                                                                        
                                                                  62.029660       -35.060000      0.139061         0.000559         0.195150         0.005470         0.340240         1.4          2027     1        111      0        4        0                                                                                                                                        
                                                                  66.088990       -35.060000      0.134801         0.001754         0.214433         0.005470         0.356458         1.4          2027     1        113      0        4        0                                                                                                                                        
                                                                  70.148320       -35.060000      0.133131         0.002147         0.238478         0.005470         0.379227         1.4          2027     1        115      0        4        0                                                                                                                                        
                                                                  74.207650       -35.060000      0.131767         0.001601         0.268752         0.005470         0.407591         1.4          2027     1        116      0        4        0                                                                                                                                        
                                                                  48.279790       -31.740000      0.152654         0.000892         0.151806         0.005470         0.310822         1.4          2027     1        105      0        4        0                                                                                                                                        
                                                                  52.186530       -31.740000      0.149040         0.000969         0.160779         0.005470         0.316258         1.4          2027     1        108      0        4        0                                                                                                                                        
                                                                  56.093260       -31.740000      0.145963         0.000413         0.171824         0.005470         0.323670         1.4          2027     1        110      0        4        0                                                                                                                                        
                                                                  60.000000       -31.740000      0.143366         0.000462         0.185822         0.005470         0.335120         1.4          2027     1        113      0        4        0                                                                                                                                        
                                                                  63.906740       -31.740000      0.141191         0.001902         0.202653         0.005470         0.351216         1.4          2027     1        115      0        4        0                                                                                                                                        
                                                                  67.813470       -31.740000      0.139388         0.001315         0.223983         0.005470         0.370156         1.4          2027     1        117      0        4        0                                                                                                                                        
                                                                  71.720210       -31.740000      0.137908         0.001176         0.250637         0.005470         0.395191         1.4          2027     1        118      0        4        0                                                                                                                                        
                                                                  50.556350       -28.420000      0.154475         0.000875         0.155599         0.005470         0.316418         1.4          2027     1        109      0        4        0                                                                                                                                        
                                                                  54.333810       -28.420000      0.151128         0.000702         0.165668         0.005470         0.322968         1.4          2027     1        112      0        4        0                                                                                                                                        
                                                                  58.111270       -28.420000      0.148299         0.000519         0.178027         0.005470         0.332314         1.4          2027     1        114      0        4        0                                                                                                                                        
                                                                  61.888730       -28.420000      0.145926         0.001641         0.193631         0.005470         0.346667         1.4          2027     1        116      0        4        0                                                                                                                                        
                                                                  65.666190       -28.420000      0.143953         0.002034         0.212461         0.005470         0.363917         1.4          2027     1        118      0        4        0                                                                                                                                        
                                                                  69.443650       -28.420000      0.142328         0.001804         0.236324         0.005470         0.385927         1.4          2027     1        120      0        4        0                                                                                                                                        
                                                                  52.663160       -25.100000      0.159247         0.000865         0.160872         0.005470         0.326454         1.4          2027     1        113      0        4        0                                                                                                                                        
                                                                  56.331580       -25.100000      0.156167         0.000633         0.172238         0.005470         0.334508         1.4          2027     1        115      0        4        0                                                                                                                                        
                                                                  60.000000       -25.100000      0.153583         0.001479         0.186567         0.005470         0.347099         1.4          2027     1        117      0        4        0                                                                                                                                        
                                                                  63.668420       -25.100000      0.151433         0.002260         0.203745         0.005470         0.362908         1.4          2027     1        120      0        4        0                                                                                                                                        
                                                                  67.336840       -25.100000      0.149661         0.002427         0.225440         0.005470         0.382998         1.4          2027     1        122      0        4        0                                                                                                                                        
                                                                  54.634210       -21.780000      0.162347         0.001661         0.168240         0.005470         0.337717         1.4          2027     1        116      0        4        0                                                                                                                                        
                                                                  58.211400       -21.780000      0.159479         0.003092         0.181172         0.005470         0.349214         1.4          2027     1        119      0        4        0                                                                                                                                        
                                                                  61.788600       -21.780000      0.157089         0.002651         0.197053         0.005470         0.362262         1.4          2027     1        121      0        4        0                                                                                                                                        
                                                                  65.365790       -21.780000      0.155114         0.001314         0.217058         0.005470         0.378957         1.4          2027     1        123      0        4        0                                                                                                                                        
                                                                  56.498110       -18.460000      0.168473         0.006533         0.177240         0.005470         0.357716         1.4          2027     1        120      0        4        0                                                                                                                                        
                                                                  60.000000       -18.460000      0.165820         0.001771         0.192494         0.005470         0.365555         1.4          2027     1        122      0        4        0                                                                                                                                        
                                                                  63.501890       -18.460000      0.163626         0.001855         0.210796         0.005470         0.381746         1.4          2027     1        125      0        4        0                                                                                                                                        
                                                                  56.558970       -15.140000      0.176727         0.002490         0.181705         0.005470         0.366392         1.4          2027     1        122      0        4        0                                                                                                                                        
                                                                  60.000000       -15.140000      0.174012         0.002460         0.197293         0.005470         0.379236         1.4          2027     1        125      0        4        0                                                                                                                                        
                                                                  63.441030       -15.140000      0.169269         0.002936         0.216887         0.005470         0.394562         1.4          2027     1        127      0        4        0                                                                                                                                        