# \Rows = 155
# \Cols = 13
# \Coordinate system = equ
# \Equinox = J2000
# \Coordinate format = degree
# \objname is name or coordinates
# \ra is right ascension in degrees J2000
# \dec is declination in degrees J2000
# \zody is zodiacal light, unit = MJy/sr; it is median in viewing zone if ido_view = 1
# \ism is interstellar light, unit = MJy/sr
# \stars is stellar light, unit = MJy/sr
# \cib is cosmic infrared background, unit = MJy/sr
# \totbg is total background, unit = MJy/sr
# \wavelength in microns
# \year
# \day is day of year, or -999 if ido_view = 1
# \selon is solar elongation in deg, or -999 if ido_view = 1
# \obsloc is observing location, 0=L2, 3=Earth orbit
# \obsver is code version
# \ido_view if 1 then use median zodiacal in view range
# |objname                                                         |ra             |dec            |zody            |ism             |stars           |cib             |totbg           |wavelength  |year    |day     |selon   |obsloc  |obsver  |ido_view|errmsg                                                                                                                          |
# |char                                                            |double         |double         |double          |double          |double          |double          |double          |float       |char    |char    |int     |char    |char    |char    |char                                                                                                                            |
# |                                                                |deg            |deg            |MJy/sr          |MJy/sr          |MJy/sr          |MJy/sr          |MJy/sr          |microns     |        |        |deg     |        |        |        |                                                                                                                                |
                                                                  39.316320       -84.860000      0.148936         0.006324         0.477601         0.005470         0.638331         1.4          2027     240      102      0        4        0                                                                                                                                        
                                                                  80.683680       -84.860000      0.145301         0.009065         0.550012         0.005470         0.709849         1.4          2027     240      99       0        4        0                                                                                                                                        
                                                                  36.532830       -81.540000      0.147304         0.005164         0.403864         0.005470         0.561802         1.4          2027     240      104      0        4        0                                                                                                                                        
                                                                  60.000000       -81.540000      0.143025         0.004112         0.442131         0.005470         0.594738         1.4          2027     240      101      0        4        0                                                                                                                                        
                                                                  83.467170       -81.540000      0.144310         0.008612         0.517241         0.005470         0.675632         1.4          2027     240      97       0        4        0                                                                                                                                        
                                                                  35.115910       -78.220000      0.146080         0.003659         0.347705         0.005470         0.502914         1.4          2027     240      106      0        4        0                                                                                                                                        
                                                                  51.705300       -78.220000      0.141529         0.009434         0.372481         0.005470         0.528914         1.4          2027     240      103      0        4        0                                                                                                                                        
                                                                  68.294700       -78.220000      0.142171         0.004601         0.418598         0.005470         0.570841         1.4          2027     240      99       0        4        0                                                                                                                                        
                                                                  84.884090       -78.220000      0.143714         0.010583         0.491254         0.005470         0.651021         1.4          2027     240      96       0        4        0                                                                                                                                        
                                                                  34.202690       -74.900000      0.145244         0.002321         0.303825         0.005470         0.456860         1.4          2027     240      108      0        4        0                                                                                                                                        
                                                                  47.101350       -74.900000      0.140536         0.004112         0.321533         0.005470         0.471652         1.4          2027     240      105      0        4        0                                                                                                                                        
                                                                  60.000000       -74.900000      0.140755         0.008001         0.352672         0.005470         0.506898         1.4          2027     240      101      0        4        0                                                                                                                                        
                                                                  72.898650       -74.900000      0.141762         0.006662         0.400446         0.005470         0.554340         1.4          2027     240      98       0        4        0                                                                                                                                        
                                                                  85.797310       -74.900000      0.143503         0.006196         0.470376         0.005470         0.625545         1.4          2027     240      95       0        4        0                                                                                                                                        
                                                                  33.521010       -71.580000      0.144787         0.001778         0.268915         0.005470         0.420951         1.4          2027     240      109      0        4        0                                                                                                                                        
                                                                  44.112600       -71.580000      0.139978         0.001983         0.282246         0.005470         0.429677         1.4          2027     240      106      0        4        0                                                                                                                                        
                                                                  54.704200       -71.580000      0.139874         0.002175         0.304886         0.005470         0.452405         1.4          2027     240      103      0        4        0                                                                                                                                        
                                                                  65.295800       -71.580000      0.140466         0.007442         0.338284         0.005470         0.491662         1.4          2027     240      100      0        4        0                                                                                                                                        
                                                                  75.887400       -71.580000      0.141756         0.008273         0.386260         0.005470         0.541759         1.4          2027     240      97       0        4        0                                                                                                                                        
                                                                  86.478990       -71.580000      0.143678         0.009922         0.454292         0.005470         0.613361         1.4          2027     240      93       0        4        0                                                                                                                                        
                                                                  32.955670       -68.260000      0.144703         0.002109         0.241076         0.005470         0.393358         1.4          2027     240      111      0        4        0                                                                                                                                        
                                                                  41.970450       -68.260000      0.144021         0.002658         0.251473         0.005470         0.403623         1.4          2027     240      108      0        4        0                                                                                                                                        
                                                                  50.985220       -68.260000      0.139454         0.002517         0.268331         0.005470         0.415772         1.4          2027     240      105      0        4        0                                                                                                                                        
                                                                  60.000000       -68.260000      0.139705         0.006412         0.293095         0.005470         0.444682         1.4          2027     240      102      0        4        0                                                                                                                                        
                                                                  69.014780       -68.260000      0.140610         0.003600         0.327965         0.005470         0.477645         1.4          2027     240      98       0        4        0                                                                                                                                        
                                                                  78.029550       -68.260000      0.142147         0.028667         0.375815         0.005470         0.552099         1.4          2027     240      95       0        4        0                                                                                                                                        
                                                                  87.044330       -68.260000      0.144245         0.018989         0.442189         0.005470         0.610894         1.4          2027     240      92       0        4        0                                                                                                                                        
                                                                  32.448980       -64.940000      0.144993         0.001696         0.218698         0.005470         0.370857         1.4          2027     240      113      0        4        0                                                                                                                                        
                                                                  40.320700       -64.940000      0.144108         0.001554         0.227024         0.005470         0.378156         1.4          2027     240      110      0        4        0                                                                                                                                        
                                                                  48.192420       -64.940000      0.139461         0.002757         0.240245         0.005470         0.387934         1.4          2027     240      107      0        4        0                                                                                                                                        
                                                                  56.064140       -64.940000      0.139421         0.004378         0.258957         0.005470         0.408226         1.4          2027     240      103      0        4        0                                                                                                                                        
                                                                  63.935860       -64.940000      0.139988         0.002591         0.285022         0.005470         0.433072         1.4          2027     240      100      0        4        0                                                                                                                                        
                                                                  71.807580       -64.940000      0.141175         0.002099         0.320592         0.005470         0.469336         1.4          2027     240      97       0        4        0                                                                                                                                        
                                                                  79.679300       -64.940000      0.142944         0.003806         0.368800         0.005470         0.521020         1.4          2027     240      93       0        4        0                                                                                                                                        
                                                                  87.551020       -64.940000      0.145216         0.002758         0.433816         0.005470         0.587260         1.4          2027     240      90       0        4        0                                                                                                                                        
                                                                  31.968360       -61.620000      0.145661         0.002062         0.200234         0.005470         0.353427         1.4          2027     240      115      0        4        0                                                                                                                                        
                                                                  38.976270       -61.620000      0.144581         0.001384         0.207042         0.005470         0.358477         1.4          2027     240      112      0        4        0                                                                                                                                        
                                                                  45.984180       -61.620000      0.143998         0.001722         0.217312         0.005470         0.368502         1.4          2027     240      108      0        4        0                                                                                                                                        
                                                                  52.992090       -61.620000      0.139584         0.002872         0.232519         0.005470         0.380445         1.4          2027     240      105      0        4        0                                                                                                                                        
                                                                  60.000000       -61.620000      0.139853         0.002109         0.252525         0.005470         0.399958         1.4          2027     240      102      0        4        0                                                                                                                                        
                                                                  67.007910       -61.620000      0.140717         0.000941         0.279974         0.005470         0.427102         1.4          2027     240      98       0        4        0                                                                                                                                        
                                                                  74.015820       -61.620000      0.142169         0.001352         0.316212         0.005470         0.465204         1.4          2027     240      95       0        4        0                                                                                                                                        
                                                                  81.023730       -61.620000      0.144162         0.002361         0.364299         0.005470         0.516292         1.4          2027     240      92       0        4        0                                                                                                                                        
                                                                  88.031640       -61.620000      0.147560         0.002768         0.429445         0.005470         0.585243         1.4          2027     240      89       0        4        0                                                                                                                                        
                                                                  31.493700       -58.300000      0.146716         0.001293         0.184839         0.005470         0.338318         1.4          2027     240      116      0        4        0                                                                                                                                        
                                                                  37.828430       -58.300000      0.145447         0.001768         0.190502         0.005470         0.343186         1.4          2027     240      113      0        4        0                                                                                                                                        
                                                                  44.163160       -58.300000      0.144639         0.001078         0.199292         0.005470         0.350478         1.4          2027     240      110      0        4        0                                                                                                                                        
                                                                  50.497900       -58.300000      0.144350         0.001599         0.211332         0.005470         0.362752         1.4          2027     240      107      0        4        0                                                                                                                                        
                                                                  56.832630       -58.300000      0.140183         0.001918         0.227367         0.005470         0.374938         1.4          2027     240      103      0        4        0                                                                                                                                        
                                                                  63.167370       -58.300000      0.140753         0.001159         0.248838         0.005470         0.396219         1.4          2027     240      100      0        4        0                                                                                                                                        
                                                                  69.502100       -58.300000      0.141902         0.000521         0.277238         0.005470         0.425131         1.4          2027     240      97       0        4        0                                                                                                                                        
                                                                  75.836840       -58.300000      0.143612         0.001519         0.314299         0.005470         0.464901         1.4          2027     240      94       0        4        0                                                                                                                                        
                                                                  82.171570       -58.300000      0.145818         0.002047         0.363063         0.005470         0.516398         1.4          2027     240      90       0        4        0                                                                                                                                        
                                                                  88.506300       -58.300000      0.150630         0.003868         0.428327         0.005470         0.588295         1.4          2027     240      87       0        4        0                                                                                                                                        
                                                                  31.011470       -54.980000      0.148174         0.001404         0.172279         0.005470         0.327327         1.4          2027     240      118      0        4        0                                                                                                                                        
                                                                  36.809180       -54.980000      0.146718         0.001467         0.177055         0.005470         0.330710         1.4          2027     240      115      0        4        0                                                                                                                                        
                                                                  42.606880       -54.980000      0.145697         0.001398         0.184444         0.005470         0.337009         1.4          2027     240      112      0        4        0                                                                                                                                        
                                                                  48.404590       -54.980000      0.145165         0.000785         0.194052         0.005470         0.345472         1.4          2027     240      108      0        4        0                                                                                                                                        
                                                                  54.202290       -54.980000      0.145170         0.000860         0.207604         0.005470         0.359104         1.4          2027     240      105      0        4        0                                                                                                                                        
                                                                  60.000000       -54.980000      0.141273         0.000858         0.224709         0.005470         0.372310         1.4          2027     240      102      0        4        0                                                                                                                                        
                                                                  65.797710       -54.980000      0.142139         0.000384         0.247618         0.005470         0.395611         1.4          2027     240      98       0        4        0                                                                                                                                        
                                                                  71.595410       -54.980000      0.143570         0.000619         0.276690         0.005470         0.426349         1.4          2027     240      95       0        4        0                                                                                                                                        
                                                                  77.393120       -54.980000      0.145528         0.001343         0.314852         0.005470         0.467192         1.4          2027     240      92       0        4        0                                                                                                                                        
                                                                  83.190820       -54.980000      0.148894         0.002578         0.364797         0.005470         0.521740         1.4          2027     240      89       0        4        0                                                                                                                                        
                                                                  88.988530       -54.980000      0.153611         0.004820         0.431385         0.005470         0.595287         1.4          2027     240      86       0        4        0                                                                                                                                        
                                                                  30.511950       -51.660000      0.154027         0.000906         0.162085         0.005470         0.322488         1.4          2027     240      120      0        4        0                                                                                                                                        
                                                                  35.873410       -51.660000      0.148413         0.001801         0.165772         0.005470         0.321457         1.4          2027     240      116      0        4        0                                                                                                                                        
                                                                  41.234880       -51.660000      0.147187         0.001531         0.172085         0.005470         0.326273         1.4          2027     240      113      0        4        0                                                                                                                                        
                                                                  46.596340       -51.660000      0.146427         0.001124         0.180153         0.005470         0.333174         1.4          2027     240      110      0        4        0                                                                                                                                        
                                                                  51.957800       -51.660000      0.146177         0.000771         0.191573         0.005470         0.343992         1.4          2027     240      107      0        4        0                                                                                                                                        
                                                                  57.319270       -51.660000      0.146480         0.000696         0.205766         0.005470         0.358412         1.4          2027     240      103      0        4        0                                                                                                                                        
                                                                  62.680730       -51.660000      0.142881         0.000976         0.224325         0.005470         0.373652         1.4          2027     240      100      0        4        0                                                                                                                                        
                                                                  68.042200       -51.660000      0.144044         0.000601         0.247991         0.005470         0.398105         1.4          2027     240      97       0        4        0                                                                                                                                        
                                                                  73.403660       -51.660000      0.145750         0.000577         0.278726         0.005470         0.430523         1.4          2027     240      93       0        4        0                                                                                                                                        
                                                                  78.765120       -51.660000      0.147947         0.000989         0.318366         0.005470         0.472772         1.4          2027     240      90       0        4        0                                                                                                                                        
                                                                  84.126590       -51.660000      0.152749         0.002125         0.370092         0.005470         0.530436         1.4          2027     240      87       0        4        0                                                                                                                                        
                                                                  89.488050       -51.660000      0.158071         0.003238         0.438923         0.005470         0.605701         1.4          2027     240      84       0        4        0                                                                                                                                        
                                                                  32.488610       -48.340000      0.155246         0.001064         0.154893         0.005470         0.316674         1.4          2027     240      120      0        4        0                                                                                                                                        
                                                                  37.490680       -48.340000      0.149792         0.000897         0.159167         0.005470         0.315326         1.4          2027     240      116      0        4        0                                                                                                                                        
                                                                  42.492750       -48.340000      0.148583         0.001901         0.165112         0.005470         0.321066         1.4          2027     240      113      0        4        0                                                                                                                                        
                                                                  47.494820       -48.340000      0.147846         0.001171         0.173405         0.005470         0.327891         1.4          2027     240      110      0        4        0                                                                                                                                        
                                                                  52.496890       -48.340000      0.147619         0.000539         0.184048         0.005470         0.337677         1.4          2027     240      107      0        4        0                                                                                                                                        
                                                                  57.498960       -48.340000      0.147941         0.000431         0.197581         0.005470         0.351424         1.4          2027     240      103      0        4        0                                                                                                                                        
                                                                  62.501040       -48.340000      0.144520         0.000781         0.215130         0.005470         0.365900         1.4          2027     240      100      0        4        0                                                                                                                                        
                                                                  67.503110       -48.340000      0.145707         0.000750         0.237315         0.005470         0.389242         1.4          2027     240      97       0        4        0                                                                                                                                        
                                                                  72.505180       -48.340000      0.147432         0.000947         0.265927         0.005470         0.419776         1.4          2027     240      93       0        4        0                                                                                                                                        
                                                                  77.507250       -48.340000      0.149644         0.000628         0.302153         0.005470         0.457895         1.4          2027     240      90       0        4        0                                                                                                                                        
                                                                  82.509320       -48.340000      0.154459         0.001884         0.349564         0.005470         0.511377         1.4          2027     240      87       0        4        0                                                                                                                                        
                                                                  87.511390       -48.340000      0.159825         0.004296         0.412202         0.005470         0.581793         1.4          2027     240      84       0        4        0                                                                                                                                        
                                                                  36.486220       -45.020000      0.156097         0.000997         0.151185         0.005470         0.313749         1.4          2027     240      118      0        4        0                                                                                                                                        
                                                                  41.188980       -45.020000      0.154951         0.001218         0.156336         0.005470         0.317975         1.4          2027     240      115      0        4        0                                                                                                                                        
                                                                  45.891730       -45.020000      0.149951         0.001024         0.163546         0.005470         0.319992         1.4          2027     240      111      0        4        0                                                                                                                                        
                                                                  50.594490       -45.020000      0.149491         0.001017         0.172742         0.005470         0.328719         1.4          2027     240      108      0        4        0                                                                                                                                        
                                                                  55.297240       -45.020000      0.149563         0.000593         0.184351         0.005470         0.339977         1.4          2027     240      105      0        4        0                                                                                                                                        
                                                                  60.000000       -45.020000      0.150197         0.000313         0.198956         0.005470         0.354936         1.4          2027     240      101      0        4        0                                                                                                                                        
                                                                  64.702760       -45.020000      0.151412         0.000850         0.217735         0.005470         0.375467         1.4          2027     240      98       0        4        0                                                                                                                                        
                                                                  69.405510       -45.020000      0.148628         0.000583         0.241379         0.005470         0.396060         1.4          2027     240      95       0        4        0                                                                                                                                        
                                                                  74.108270       -45.020000      0.150638         0.000836         0.271775         0.005470         0.428719         1.4          2027     240      92       0        4        0                                                                                                                                        
                                                                  78.811020       -45.020000      0.154057         0.001592         0.310252         0.005470         0.471372         1.4          2027     240      88       0        4        0                                                                                                                                        
                                                                  83.513780       -45.020000      0.159532         0.002084         0.360587         0.005470         0.527673         1.4          2027     240      85       0        4        0                                                                                                                                        
                                                                  39.968550       -41.700000      0.157462         0.001071         0.149000         0.005470         0.313003         1.4          2027     240      116      0        4        0                                                                                                                                        
                                                                  44.419980       -41.700000      0.156557         0.000651         0.155354         0.005470         0.318033         1.4          2027     240      113      0        4        0                                                                                                                                        
                                                                  48.871420       -41.700000      0.151901         0.000744         0.163417         0.005470         0.321532         1.4          2027     240      110      0        4        0                                                                                                                                        
                                                                  53.322850       -41.700000      0.151736         0.000632         0.173538         0.005470         0.331376         1.4          2027     240      106      0        4        0                                                                                                                                        
                                                                  57.774280       -41.700000      0.152124         0.000649         0.186187         0.005470         0.344430         1.4          2027     240      103      0        4        0                                                                                                                                        
                                                                  62.225720       -41.700000      0.153084         0.000648         0.202385         0.005470         0.361587         1.4          2027     240      100      0        4        0                                                                                                                                        
                                                                  66.677150       -41.700000      0.154625         0.001425         0.222600         0.005470         0.384120         1.4          2027     240      96       0        4        0                                                                                                                                        
                                                                  71.128580       -41.700000      0.156729         0.000863         0.248009         0.005470         0.411071         1.4          2027     240      93       0        4        0                                                                                                                                        
                                                                  75.580020       -41.700000      0.154789         0.001064         0.280242         0.005470         0.441564         1.4          2027     240      90       0        4        0                                                                                                                                        
                                                                  80.031450       -41.700000      0.159402         0.001218         0.321984         0.005470         0.488074         1.4          2027     240      87       0        4        0                                                                                                                                        
                                                                  43.043240       -38.380000      0.162601         0.001229         0.148545         0.005470         0.317845         1.4          2027     240      114      0        4        0                                                                                                                                        
                                                                  47.282430       -38.380000      0.158764         0.001203         0.155708         0.005470         0.321145         1.4          2027     240      111      0        4        0                                                                                                                                        
                                                                  51.521620       -38.380000      0.158658         0.001081         0.164659         0.005470         0.329869         1.4          2027     240      108      0        4        0                                                                                                                                        
                                                                  55.760810       -38.380000      0.154650         0.000549         0.175787         0.005470         0.336456         1.4          2027     240      104      0        4        0                                                                                                                                        
                                                                  60.000000       -38.380000      0.155373         0.000289         0.189998         0.005470         0.351131         1.4          2027     240      101      0        4        0                                                                                                                                        
                                                                  64.239190       -38.380000      0.156678         0.001518         0.207212         0.005470         0.370878         1.4          2027     240      98       0        4        0                                                                                                                                        
                                                                  68.478380       -38.380000      0.158557         0.001188         0.229152         0.005470         0.394367         1.4          2027     240      94       0        4        0                                                                                                                                        
                                                                  72.717570       -38.380000      0.160975         0.001036         0.256730         0.005470         0.424211         1.4          2027     240      91       0        4        0                                                                                                                                        
                                                                  76.956760       -38.380000      0.165332         0.001505         0.292142         0.005470         0.464449         1.4          2027     240      88       0        4        0                                                                                                                                        
                                                                  45.792350       -35.060000      0.164975         0.001264         0.149349         0.005470         0.321058         1.4          2027     240      112      0        4        0                                                                                                                                        
                                                                  49.851680       -35.060000      0.164805         0.001016         0.157370         0.005470         0.328661         1.4          2027     240      109      0        4        0                                                                                                                                        
                                                                  53.911010       -35.060000      0.161859         0.000870         0.167298         0.005470         0.335498         1.4          2027     240      106      0        4        0                                                                                                                                        
                                                                  57.970340       -35.060000      0.158316         0.000646         0.179958         0.005470         0.344390         1.4          2027     240      102      0        4        0                                                                                                                                        
                                                                  62.029660       -35.060000      0.159399         0.000559         0.195150         0.005470         0.360578         1.4          2027     240      99       0        4        0                                                                                                                                        
                                                                  66.088990       -35.060000      0.161070         0.001754         0.214433         0.005470         0.382726         1.4          2027     240      96       0        4        0                                                                                                                                        
                                                                  70.148320       -35.060000      0.163301         0.002147         0.238478         0.005470         0.409397         1.4          2027     240      93       0        4        0                                                                                                                                        
                                                                  74.207650       -35.060000      0.166613         0.001601         0.268752         0.005470         0.442437         1.4          2027     240      89       0        4        0                                                                                                                                        
                                                                  48.279790       -31.740000      0.168077         0.000892         0.151806         0.005470         0.326245         1.4          2027     240      110      0        4        0                                                                                                                                        
                                                                  52.186530       -31.740000      0.168211         0.000969         0.160779         0.005470         0.335429         1.4          2027     240      107      0        4        0                                                                                                                                        
                                                                  56.093260       -31.740000      0.168942         0.000413         0.171824         0.005470         0.346649         1.4          2027     240      104      0        4        0                                                                                                                                        
                                                                  60.000000       -31.740000      0.170300         0.000462         0.185822         0.005470         0.362054         1.4          2027     240      100      0        4        0                                                                                                                                        
                                                                  63.906740       -31.740000      0.164310         0.001902         0.202653         0.005470         0.374335         1.4          2027     240      97       0        4        0                                                                                                                                        
                                                                  67.813470       -31.740000      0.166369         0.001315         0.223983         0.005470         0.397138         1.4          2027     240      94       0        4        0                                                                                                                                        
                                                                  71.720210       -31.740000      0.168970         0.001176         0.250637         0.005470         0.426254         1.4          2027     240      91       0        4        0                                                                                                                                        
                                                                  50.556350       -28.420000      0.176109         0.000875         0.155599         0.005470         0.338052         1.4          2027     240      108      0        4        0                                                                                                                                        
                                                                  54.333810       -28.420000      0.172500         0.000702         0.165668         0.005470         0.344339         1.4          2027     240      105      0        4        0                                                                                                                                        
                                                                  58.111270       -28.420000      0.173599         0.000519         0.178027         0.005470         0.357614         1.4          2027     240      102      0        4        0                                                                                                                                        
                                                                  61.888730       -28.420000      0.175342         0.001641         0.193631         0.005470         0.376084         1.4          2027     240      98       0        4        0                                                                                                                                        
                                                                  65.666190       -28.420000      0.177730         0.002034         0.212461         0.005470         0.397695         1.4          2027     240      95       0        4        0                                                                                                                                        
                                                                  69.443650       -28.420000      0.180729         0.001804         0.236324         0.005470         0.424327         1.4          2027     240      92       0        4        0                                                                                                                                        
                                                                  52.663160       -25.100000      0.180836         0.000865         0.160872         0.005470         0.348043         1.4          2027     240      106      0        4        0                                                                                                                                        
                                                                  56.331580       -25.100000      0.182028         0.000633         0.172238         0.005470         0.360370         1.4          2027     240      103      0        4        0                                                                                                                                        
                                                                  60.000000       -25.100000      0.179333         0.001479         0.186567         0.005470         0.372849         1.4          2027     240      100      0        4        0                                                                                                                                        
                                                                  63.668420       -25.100000      0.181510         0.002260         0.203745         0.005470         0.392985         1.4          2027     240      96       0        4        0                                                                                                                                        
                                                                  67.336840       -25.100000      0.184331         0.002427         0.225440         0.005470         0.417668         1.4          2027     240      93       0        4        0                                                                                                                                        
                                                                  54.634210       -21.780000      0.186696         0.001661         0.168240         0.005470         0.362066         1.4          2027     240      104      0        4        0                                                                                                                                        
                                                                  58.211400       -21.780000      0.188319         0.003092         0.181172         0.005470         0.378054         1.4          2027     240      101      0        4        0                                                                                                                                        
                                                                  61.788600       -21.780000      0.190661         0.002651         0.197053         0.005470         0.395834         1.4          2027     240      98       0        4        0                                                                                                                                        
                                                                  65.365790       -21.780000      0.188995         0.001314         0.217058         0.005470         0.412838         1.4          2027     240      94       0        4        0                                                                                                                                        
                                                                  56.498110       -18.460000      0.198128         0.006533         0.177240         0.005470         0.387371         1.4          2027     240      102      0        4        0                                                                                                                                        
                                                                  60.000000       -18.460000      0.196012         0.001771         0.192494         0.005470         0.395748         1.4          2027     240      99       0        4        0                                                                                                                                        
                                                                  63.501890       -18.460000      0.198882         0.001855         0.210796         0.005470         0.417003         1.4          2027     240      96       0        4        0                                                                                                                                        
                                                                  56.558970       -15.140000      0.208613         0.002490         0.181705         0.005470         0.398279         1.4          2027     240      102      0        4        0                                                                                                                                        
                                                                  60.000000       -15.140000      0.211562         0.002460         0.197293         0.005470         0.416786         1.4          2027     240      98       0        4        0                                                                                                                                        
                                                                  63.441030       -15.140000      0.215352         0.002936         0.216887         0.005470         0.440645         1.4          2027     240      95       0        4        0                                                                                                                                        