#\Rows = 155
#\Cols = 13
#\Coordinate system = equ
#\Equinox = J2000
#\Coordinate format = degree
#\objname is name or coordinates
#\ra is right ascension in degrees J2000
#\dec is declination in degrees J2000
#\zody is zodiacal light, unit = MJy/sr; it is median in viewing zone if ido_view = 1
#\ism is interstellar light, unit = MJy/sr
#\stars is stellar light, unit = MJy/sr
#\cib is cosmic infrared background, unit = MJy/sr
#\totbg is total background, unit = MJy/sr
#\wavelength in microns
#\year
#\day is day of year, or -999 if ido_view = 1
#\selon is solar elongation in deg, or -999 if ido_view = 1
#\obsloc is observing location, 0=L2, 3=Earth orbit
#\obsver is code version
#\ido_view if 1 then use median zodiacal in view range
#|objname                                                         |ra             |dec            |zody            |ism             |stars           |cib             |totbg           |wavelength  |year    |day     |selon   |obsloc  |obsver  |ido_view|errmsg                                                                                                                          |
#|char                                                            |double         |double         |double          |double          |double          |double          |double          |float       |char    |char    |int     |char    |char    |char    |char                                                                                                                            |
#|                                                                |deg            |deg            |MJy/sr          |MJy/sr          |MJy/sr          |MJy/sr          |MJy/sr          |microns     |        |        |deg     |        |        |        |                                                                                                                                |
                                                                  39.316320       -84.860000      0.168632         0.006324         0.477601         0.005470         0.658027         1.4          2027     330      74       0        4        0                                                                                                                                        
                                                                  80.683680       -84.860000      0.163072         0.009065         0.550012         0.005470         0.727620         1.4          2027     330      74       0        4        0                                                                                                                                        
                                                                  36.532830       -81.540000      0.162164         0.005164         0.403864         0.005470         0.576662         1.4          2027     330      77       0        4        0                                                                                                                                        
                                                                  60.000000       -81.540000      0.154832         0.004112         0.442131         0.005470         0.606545         1.4          2027     330      78       0        4        0                                                                                                                                        
                                                                  83.467170       -81.540000      0.154360         0.008612         0.517241         0.005470         0.685683         1.4          2027     330      77       0        4        0                                                                                                                                        
                                                                  35.115910       -78.220000      0.156382         0.003659         0.347705         0.005470         0.513216         1.4          2027     330      80       0        4        0                                                                                                                                        
                                                                  51.705300       -78.220000      0.149623         0.009434         0.372481         0.005470         0.537008         1.4          2027     330      81       0        4        0                                                                                                                                        
                                                                  68.294700       -78.220000      0.146124         0.004601         0.418598         0.005470         0.574793         1.4          2027     330      81       0        4        0                                                                                                                                        
                                                                  84.884090       -78.220000      0.146730         0.010583         0.491254         0.005470         0.654037         1.4          2027     330      80       0        4        0                                                                                                                                        
                                                                  34.202690       -74.900000      0.151485         0.002321         0.303825         0.005470         0.463101         1.4          2027     330      83       0        4        0                                                                                                                                        
                                                                  47.101350       -74.900000      0.147763         0.004112         0.321533         0.005470         0.478879         1.4          2027     330      84       0        4        0                                                                                                                                        
                                                                  60.000000       -74.900000      0.141048         0.008001         0.352672         0.005470         0.507191         1.4          2027     330      84       0        4        0                                                                                                                                        
                                                                  72.898650       -74.900000      0.139839         0.006662         0.400446         0.005470         0.552418         1.4          2027     330      84       0        4        0                                                                                                                                        
                                                                  85.797310       -74.900000      0.140604         0.006196         0.470376         0.005470         0.622646         1.4          2027     330      83       0        4        0                                                                                                                                        
                                                                  33.521010       -71.580000      0.147941         0.001778         0.268915         0.005470         0.424105         1.4          2027     330      86       0        4        0                                                                                                                                        
                                                                  44.112600       -71.580000      0.143816         0.001983         0.282246         0.005470         0.433515         1.4          2027     330      87       0        4        0                                                                                                                                        
                                                                  54.704200       -71.580000      0.139810         0.002175         0.304886         0.005470         0.452341         1.4          2027     330      87       0        4        0                                                                                                                                        
                                                                  65.295800       -71.580000      0.135439         0.007442         0.338284         0.005470         0.486634         1.4          2027     330      88       0        4        0                                                                                                                                        
                                                                  75.887400       -71.580000      0.135016         0.008273         0.386260         0.005470         0.535019         1.4          2027     330      87       0        4        0                                                                                                                                        
                                                                  86.478990       -71.580000      0.135637         0.009922         0.454292         0.005470         0.605320         1.4          2027     330      86       0        4        0                                                                                                                                        
                                                                  32.955670       -68.260000      0.145222         0.002109         0.241076         0.005470         0.393877         1.4          2027     330      89       0        4        0                                                                                                                                        
                                                                  41.970450       -68.260000      0.141134         0.002658         0.251473         0.005470         0.400736         1.4          2027     330      90       0        4        0                                                                                                                                        
                                                                  50.985220       -68.260000      0.138118         0.002517         0.268331         0.005470         0.414436         1.4          2027     330      91       0        4        0                                                                                                                                        
                                                                  60.000000       -68.260000      0.135199         0.006412         0.293095         0.005470         0.440176         1.4          2027     330      91       0        4        0                                                                                                                                        
                                                                  69.014780       -68.260000      0.131293         0.003600         0.327965         0.005470         0.468328         1.4          2027     330      91       0        4        0                                                                                                                                        
                                                                  78.029550       -68.260000      0.130632         0.028667         0.375815         0.005470         0.540583         1.4          2027     330      90       0        4        0                                                                                                                                        
                                                                  87.044330       -68.260000      0.131164         0.018989         0.442189         0.005470         0.597813         1.4          2027     330      89       0        4        0                                                                                                                                        
                                                                  32.448980       -64.940000      0.143743         0.001696         0.218698         0.005470         0.369606         1.4          2027     330      91       0        4        0                                                                                                                                        
                                                                  40.320700       -64.940000      0.140225         0.001554         0.227024         0.005470         0.374272         1.4          2027     330      93       0        4        0                                                                                                                                        
                                                                  48.192420       -64.940000      0.137340         0.002757         0.240245         0.005470         0.385812         1.4          2027     330      94       0        4        0                                                                                                                                        
                                                                  56.064140       -64.940000      0.135059         0.004378         0.258957         0.005470         0.403864         1.4          2027     330      94       0        4        0                                                                                                                                        
                                                                  63.935860       -64.940000      0.132517         0.002591         0.285022         0.005470         0.425600         1.4          2027     330      94       0        4        0                                                                                                                                        
                                                                  71.807580       -64.940000      0.131408         0.002099         0.320592         0.005470         0.459569         1.4          2027     330      94       0        4        0                                                                                                                                        
                                                                  79.679300       -64.940000      0.128389         0.003806         0.368800         0.005470         0.506465         1.4          2027     330      93       0        4        0                                                                                                                                        
                                                                  87.551020       -64.940000      0.128481         0.002758         0.433816         0.005470         0.570525         1.4          2027     330      92       0        4        0                                                                                                                                        
                                                                  31.968360       -61.620000      0.143627         0.002062         0.200234         0.005470         0.351393         1.4          2027     330      94       0        4        0                                                                                                                                        
                                                                  38.976270       -61.620000      0.140131         0.001384         0.207042         0.005470         0.354027         1.4          2027     330      96       0        4        0                                                                                                                                        
                                                                  45.984180       -61.620000      0.137194         0.001722         0.217312         0.005470         0.361698         1.4          2027     330      97       0        4        0                                                                                                                                        
                                                                  52.992090       -61.620000      0.134778         0.002872         0.232519         0.005470         0.375640         1.4          2027     330      97       0        4        0                                                                                                                                        
                                                                  60.000000       -61.620000      0.132016         0.002109         0.252525         0.005470         0.392120         1.4          2027     330      98       0        4        0                                                                                                                                        
                                                                  67.007910       -61.620000      0.130571         0.000941         0.279974         0.005470         0.416957         1.4          2027     330      97       0        4        0                                                                                                                                        
                                                                  74.015820       -61.620000      0.129615         0.001352         0.316212         0.005470         0.452649         1.4          2027     330      97       0        4        0                                                                                                                                        
                                                                  81.023730       -61.620000      0.129165         0.002361         0.364299         0.005470         0.501296         1.4          2027     330      96       0        4        0                                                                                                                                        
                                                                  88.031640       -61.620000      0.126786         0.002768         0.429445         0.005470         0.564469         1.4          2027     330      95       0        4        0                                                                                                                                        
                                                                  31.493700       -58.300000      0.144098         0.001293         0.184839         0.005470         0.335700         1.4          2027     330      97       0        4        0                                                                                                                                        
                                                                  37.828430       -58.300000      0.140622         0.001768         0.190502         0.005470         0.338361         1.4          2027     330      99       0        4        0                                                                                                                                        
                                                                  44.163160       -58.300000      0.137653         0.001078         0.199292         0.005470         0.343492         1.4          2027     330      100      0        4        0                                                                                                                                        
                                                                  50.497900       -58.300000      0.135147         0.001599         0.211332         0.005470         0.353549         1.4          2027     330      100      0        4        0                                                                                                                                        
                                                                  56.832630       -58.300000      0.133072         0.001918         0.227367         0.005470         0.367827         1.4          2027     330      101      0        4        0                                                                                                                                        
                                                                  63.167370       -58.300000      0.131406         0.001159         0.248838         0.005470         0.386873         1.4          2027     330      101      0        4        0                                                                                                                                        
                                                                  69.502100       -58.300000      0.129298         0.000521         0.277238         0.005470         0.412527         1.4          2027     330      101      0        4        0                                                                                                                                        
                                                                  75.836840       -58.300000      0.128437         0.001519         0.314299         0.005470         0.449726         1.4          2027     330      100      0        4        0                                                                                                                                        
                                                                  82.171570       -58.300000      0.128005         0.002047         0.363063         0.005470         0.498586         1.4          2027     330      99       0        4        0                                                                                                                                        
                                                                  88.506300       -58.300000      0.128036         0.003868         0.428327         0.005470         0.565702         1.4          2027     330      98       0        4        0                                                                                                                                        
                                                                  31.011470       -54.980000      0.145153         0.001404         0.172279         0.005470         0.324306         1.4          2027     330      100      0        4        0                                                                                                                                        
                                                                  36.809180       -54.980000      0.141690         0.001467         0.177055         0.005470         0.325682         1.4          2027     330      101      0        4        0                                                                                                                                        
                                                                  42.606880       -54.980000      0.138695         0.001398         0.184444         0.005470         0.330007         1.4          2027     330      103      0        4        0                                                                                                                                        
                                                                  48.404590       -54.980000      0.136124         0.000785         0.194052         0.005470         0.336431         1.4          2027     330      103      0        4        0                                                                                                                                        
                                                                  54.202290       -54.980000      0.133939         0.000860         0.207604         0.005470         0.347873         1.4          2027     330      104      0        4        0                                                                                                                                        
                                                                  60.000000       -54.980000      0.132113         0.000858         0.224709         0.005470         0.363150         1.4          2027     330      104      0        4        0                                                                                                                                        
                                                                  65.797710       -54.980000      0.130630         0.000384         0.247618         0.005470         0.384102         1.4          2027     330      104      0        4        0                                                                                                                                        
                                                                  71.595410       -54.980000      0.129485         0.000619         0.276690         0.005470         0.412265         1.4          2027     330      104      0        4        0                                                                                                                                        
                                                                  77.393120       -54.980000      0.127843         0.001343         0.314852         0.005470         0.449508         1.4          2027     330      103      0        4        0                                                                                                                                        
                                                                  83.190820       -54.980000      0.127410         0.002578         0.364797         0.005470         0.500255         1.4          2027     330      102      0        4        0                                                                                                                                        
                                                                  88.988530       -54.980000      0.127378         0.004820         0.431385         0.005470         0.569053         1.4          2027     330      100      0        4        0                                                                                                                                        
                                                                  30.511950       -51.660000      0.149279         0.000906         0.162085         0.005470         0.317740         1.4          2027     330      103      0        4        0                                                                                                                                        
                                                                  35.873410       -51.660000      0.145869         0.001801         0.165772         0.005470         0.318913         1.4          2027     330      104      0        4        0                                                                                                                                        
                                                                  41.234880       -51.660000      0.140308         0.001531         0.172085         0.005470         0.319394         1.4          2027     330      105      0        4        0                                                                                                                                        
                                                                  46.596340       -51.660000      0.137686         0.001124         0.180153         0.005470         0.324433         1.4          2027     330      106      0        4        0                                                                                                                                        
                                                                  51.957800       -51.660000      0.135418         0.000771         0.191573         0.005470         0.333232         1.4          2027     330      107      0        4        0                                                                                                                                        
                                                                  57.319270       -51.660000      0.133473         0.000696         0.205766         0.005470         0.345405         1.4          2027     330      107      0        4        0                                                                                                                                        
                                                                  62.680730       -51.660000      0.131830         0.000976         0.224325         0.005470         0.362601         1.4          2027     330      107      0        4        0                                                                                                                                        
                                                                  68.042200       -51.660000      0.130476         0.000601         0.247991         0.005470         0.384538         1.4          2027     330      107      0        4        0                                                                                                                                        
                                                                  73.403660       -51.660000      0.129412         0.000577         0.278726         0.005470         0.414186         1.4          2027     330      107      0        4        0                                                                                                                                        
                                                                  78.765120       -51.660000      0.128647         0.000989         0.318366         0.005470         0.453471         1.4          2027     330      106      0        4        0                                                                                                                                        
                                                                  84.126590       -51.660000      0.128201         0.002125         0.370092         0.005470         0.505888         1.4          2027     330      105      0        4        0                                                                                                                                        
                                                                  89.488050       -51.660000      0.127266         0.003238         0.438923         0.005470         0.574897         1.4          2027     330      103      0        4        0                                                                                                                                        
                                                                  32.488610       -48.340000      0.149568         0.001064         0.154893         0.005470         0.310996         1.4          2027     330      106      0        4        0                                                                                                                                        
                                                                  37.490680       -48.340000      0.146367         0.000897         0.159167         0.005470         0.311901         1.4          2027     330      108      0        4        0                                                                                                                                        
                                                                  42.492750       -48.340000      0.143569         0.001901         0.165112         0.005470         0.316052         1.4          2027     330      109      0        4        0                                                                                                                                        
                                                                  47.494820       -48.340000      0.141125         0.001171         0.173405         0.005470         0.321171         1.4          2027     330      110      0        4        0                                                                                                                                        
                                                                  52.496890       -48.340000      0.136430         0.000539         0.184048         0.005470         0.326488         1.4          2027     330      110      0        4        0                                                                                                                                        
                                                                  57.498960       -48.340000      0.134532         0.000431         0.197581         0.005470         0.338014         1.4          2027     330      111      0        4        0                                                                                                                                        
                                                                  62.501040       -48.340000      0.132895         0.000781         0.215130         0.005470         0.354275         1.4          2027     330      111      0        4        0                                                                                                                                        
                                                                  67.503110       -48.340000      0.131508         0.000750         0.237315         0.005470         0.375044         1.4          2027     330      111      0        4        0                                                                                                                                        
                                                                  72.505180       -48.340000      0.130369         0.000947         0.265927         0.005470         0.402713         1.4          2027     330      110      0        4        0                                                                                                                                        
                                                                  77.507250       -48.340000      0.129485         0.000628         0.302153         0.005470         0.437736         1.4          2027     330      109      0        4        0                                                                                                                                        
                                                                  82.509320       -48.340000      0.128872         0.001884         0.349564         0.005470         0.485790         1.4          2027     330      108      0        4        0                                                                                                                                        
                                                                  87.511390       -48.340000      0.128556         0.004296         0.412202         0.005470         0.550524         1.4          2027     330      107      0        4        0                                                                                                                                        
                                                                  36.486220       -45.020000      0.148987         0.000997         0.151185         0.005470         0.306639         1.4          2027     330      110      0        4        0                                                                                                                                        
                                                                  41.188980       -45.020000      0.146145         0.001218         0.156336         0.005470         0.309169         1.4          2027     330      112      0        4        0                                                                                                                                        
                                                                  45.891730       -45.020000      0.143643         0.001024         0.163546         0.005470         0.313684         1.4          2027     330      113      0        4        0                                                                                                                                        
                                                                  50.594490       -45.020000      0.141441         0.001017         0.172742         0.005470         0.320670         1.4          2027     330      113      0        4        0                                                                                                                                        
                                                                  55.297240       -45.020000      0.139504         0.000593         0.184351         0.005470         0.329918         1.4          2027     330      114      0        4        0                                                                                                                                        
                                                                  60.000000       -45.020000      0.135303         0.000313         0.198956         0.005470         0.340042         1.4          2027     330      114      0        4        0                                                                                                                                        
                                                                  64.702760       -45.020000      0.133779         0.000850         0.217735         0.005470         0.357834         1.4          2027     330      114      0        4        0                                                                                                                                        
                                                                  69.405510       -45.020000      0.132469         0.000583         0.241379         0.005470         0.379902         1.4          2027     330      114      0        4        0                                                                                                                                        
                                                                  74.108270       -45.020000      0.131375         0.000836         0.271775         0.005470         0.409456         1.4          2027     330      113      0        4        0                                                                                                                                        
                                                                  78.811020       -45.020000      0.130505         0.001592         0.310252         0.005470         0.447820         1.4          2027     330      112      0        4        0                                                                                                                                        
                                                                  83.513780       -45.020000      0.129878         0.002084         0.360587         0.005470         0.498019         1.4          2027     330      111      0        4        0                                                                                                                                        
                                                                  39.968550       -41.700000      0.149308         0.001071         0.149000         0.005470         0.304849         1.4          2027     330      115      0        4        0                                                                                                                                        
                                                                  44.419980       -41.700000      0.146748         0.000651         0.155354         0.005470         0.308224         1.4          2027     330      116      0        4        0                                                                                                                                        
                                                                  48.871420       -41.700000      0.144477         0.000744         0.163417         0.005470         0.314109         1.4          2027     330      116      0        4        0                                                                                                                                        
                                                                  53.322850       -41.700000      0.142458         0.000632         0.173538         0.005470         0.322098         1.4          2027     330      117      0        4        0                                                                                                                                        
                                                                  57.774280       -41.700000      0.140661         0.000649         0.186187         0.005470         0.332967         1.4          2027     330      117      0        4        0                                                                                                                                        
                                                                  62.225720       -41.700000      0.139066         0.000648         0.202385         0.005470         0.347570         1.4          2027     330      117      0        4        0                                                                                                                                        
                                                                  66.677150       -41.700000      0.137661         0.001425         0.222600         0.005470         0.367156         1.4          2027     330      117      0        4        0                                                                                                                                        
                                                                  71.128580       -41.700000      0.133972         0.000863         0.248009         0.005470         0.388314         1.4          2027     330      117      0        4        0                                                                                                                                        
                                                                  75.580020       -41.700000      0.132903         0.001064         0.280242         0.005470         0.419679         1.4          2027     330      116      0        4        0                                                                                                                                        
                                                                  80.031450       -41.700000      0.132036         0.001218         0.321984         0.005470         0.460708         1.4          2027     330      115      0        4        0                                                                                                                                        
                                                                  43.043240       -38.380000      0.150448         0.001229         0.148545         0.005470         0.305692         1.4          2027     330      118      0        4        0                                                                                                                                        
                                                                  47.282430       -38.380000      0.148103         0.001203         0.155708         0.005470         0.310484         1.4          2027     330      119      0        4        0                                                                                                                                        
                                                                  51.521620       -38.380000      0.146005         0.001081         0.164659         0.005470         0.317216         1.4          2027     330      120      0        4        0                                                                                                                                        
                                                                  55.760810       -38.380000      0.144120         0.000549         0.175787         0.005470         0.325926         1.4          2027     330      121      0        4        0                                                                                                                                        
                                                                  60.000000       -38.380000      0.142425         0.000289         0.189998         0.005470         0.338183         1.4          2027     330      121      0        4        0                                                                                                                                        
                                                                  64.239190       -38.380000      0.140902         0.001518         0.207212         0.005470         0.355102         1.4          2027     330      121      0        4        0                                                                                                                                        
                                                                  68.478380       -38.380000      0.139541         0.001188         0.229152         0.005470         0.375351         1.4          2027     330      120      0        4        0                                                                                                                                        
                                                                  72.717570       -38.380000      0.138343         0.001036         0.256730         0.005470         0.401579         1.4          2027     330      120      0        4        0                                                                                                                                        
                                                                  76.956760       -38.380000      0.137313         0.001505         0.292142         0.005470         0.436430         1.4          2027     330      119      0        4        0                                                                                                                                        
                                                                  45.792350       -35.060000      0.154809         0.001264         0.149349         0.005470         0.310892         1.4          2027     330      122      0        4        0                                                                                                                                        
                                                                  49.851680       -35.060000      0.152690         0.001016         0.157370         0.005470         0.316546         1.4          2027     330      123      0        4        0                                                                                                                                        
                                                                  53.911010       -35.060000      0.148178         0.000870         0.167298         0.005470         0.321816         1.4          2027     330      124      0        4        0                                                                                                                                        
                                                                  57.970340       -35.060000      0.146387         0.000646         0.179958         0.005470         0.332461         1.4          2027     330      124      0        4        0                                                                                                                                        
                                                                  62.029660       -35.060000      0.144759         0.000559         0.195150         0.005470         0.345938         1.4          2027     330      124      0        4        0                                                                                                                                        
                                                                  66.088990       -35.060000      0.143280         0.001754         0.214433         0.005470         0.364936         1.4          2027     330      124      0        4        0                                                                                                                                        
                                                                  70.148320       -35.060000      0.141945         0.002147         0.238478         0.005470         0.388041         1.4          2027     330      123      0        4        0                                                                                                                                        
                                                                  74.207650       -35.060000      0.140755         0.001601         0.268752         0.005470         0.416579         1.4          2027     330      123      0        4        0                                                                                                                                        
                                                                  48.279790       -31.740000      0.157236         0.000892         0.151806         0.005470         0.315404         1.4          2027     330      126      0        4        0                                                                                                                                        
                                                                  52.186530       -31.740000      0.155230         0.000969         0.160779         0.005470         0.322448         1.4          2027     330      127      0        4        0                                                                                                                                        
                                                                  56.093260       -31.740000      0.153401         0.000413         0.171824         0.005470         0.331108         1.4          2027     330      127      0        4        0                                                                                                                                        
                                                                  60.000000       -31.740000      0.151727         0.000462         0.185822         0.005470         0.343481         1.4          2027     330      127      0        4        0                                                                                                                                        
                                                                  63.906740       -31.740000      0.150190         0.001902         0.202653         0.005470         0.360215         1.4          2027     330      127      0        4        0                                                                                                                                        
                                                                  67.813470       -31.740000      0.146181         0.001315         0.223983         0.005470         0.376949         1.4          2027     330      127      0        4        0                                                                                                                                        
                                                                  71.720210       -31.740000      0.144853         0.001176         0.250637         0.005470         0.402136         1.4          2027     330      126      0        4        0                                                                                                                                        
                                                                  50.556350       -28.420000      0.160308         0.000875         0.155599         0.005470         0.322252         1.4          2027     330      130      0        4        0                                                                                                                                        
                                                                  54.333810       -28.420000      0.158376         0.000702         0.165668         0.005470         0.330216         1.4          2027     330      130      0        4        0                                                                                                                                        
                                                                  58.111270       -28.420000      0.156598         0.000519         0.178027         0.005470         0.340613         1.4          2027     330      131      0        4        0                                                                                                                                        
                                                                  61.888730       -28.420000      0.154953         0.001641         0.193631         0.005470         0.355695         1.4          2027     330      131      0        4        0                                                                                                                                        
                                                                  65.666190       -28.420000      0.153428         0.002034         0.212461         0.005470         0.373393         1.4          2027     330      131      0        4        0                                                                                                                                        
                                                                  69.443650       -28.420000      0.152018         0.001804         0.236324         0.005470         0.395616         1.4          2027     330      130      0        4        0                                                                                                                                        
                                                                  52.663160       -25.100000      0.166470         0.000865         0.160872         0.005470         0.333677         1.4          2027     330      133      0        4        0                                                                                                                                        
                                                                  56.331580       -25.100000      0.164647         0.000633         0.172238         0.005470         0.342988         1.4          2027     330      134      0        4        0                                                                                                                                        
                                                                  60.000000       -25.100000      0.162956         0.001479         0.186567         0.005470         0.356472         1.4          2027     330      134      0        4        0                                                                                                                                        
                                                                  63.668420       -25.100000      0.158706         0.002260         0.203745         0.005470         0.370181         1.4          2027     330      134      0        4        0                                                                                                                                        
                                                                  67.336840       -25.100000      0.157177         0.002427         0.225440         0.005470         0.390515         1.4          2027     330      134      0        4        0                                                                                                                                        
                                                                  54.634210       -21.780000      0.170533         0.001661         0.168240         0.005470         0.345904         1.4          2027     330      137      0        4        0                                                                                                                                        
                                                                  58.211400       -21.780000      0.168720         0.003092         0.181172         0.005470         0.358454         1.4          2027     330      137      0        4        0                                                                                                                                        
                                                                  61.788600       -21.780000      0.167024         0.002651         0.197053         0.005470         0.372197         1.4          2027     330      137      0        4        0                                                                                                                                        
                                                                  65.365790       -21.780000      0.165430         0.001314         0.217058         0.005470         0.389273         1.4          2027     330      137      0        4        0                                                                                                                                        
                                                                  56.498110       -18.460000      0.177622         0.006533         0.177240         0.005470         0.366865         1.4          2027     330      140      0        4        0                                                                                                                                        
                                                                  60.000000       -18.460000      0.175866         0.001771         0.192494         0.005470         0.375601         1.4          2027     330      141      0        4        0                                                                                                                                        
                                                                  63.501890       -18.460000      0.174214         0.001855         0.210796         0.005470         0.392334         1.4          2027     330      141      0        4        0                                                                                                                                        
                                                                  56.558970       -15.140000      0.186002         0.002490         0.181705         0.005470         0.375667         1.4          2027     330      144      0        4        0                                                                                                                                        
                                                                  60.000000       -15.140000      0.184235         0.002460         0.197293         0.005470         0.389458         1.4          2027     330      144      0        4        0                                                                                                                                        
                                                                  63.441030       -15.140000      0.179895         0.002936         0.216887         0.005470         0.405188         1.4          2027     330      144      0        4        0                                                                                                                                        