| ra       | dec      | wavelength |  year  |  day   | obsloc | ido_view |
| double   | double   | double     |  char  |  char  |  char  |  char    |
| deg      | deg      | microns    |        |        |        |          |
5.3048866699571064 -86.52 1.4 2027 1 0 0
59.99999999999999 -86.52 1.4 2027 1 0 0
60.0 -83.2 1.4 2027 1 0 0
31.960399237584372 -83.2 1.4 2027 1 0 0
5.3048866699571064 -86.52 1.4 2027 1 0 0
59.99999999999999 -86.52 1.4 2027 1 0 0
114.69511333004289 -86.52 1.4 2027 1 0 0
88.03960076241563 -83.2 1.4 2027 1 0 0
60.0 -83.2 1.4 2027 1 0 0
59.99999999999999 -86.52 1.4 2027 1 0 0
17.94059885637671 -83.2 1.4 2027 1 0 0
45.98019961879224 -83.2 1.4 2027 1 0 0
50.552635097124096 -79.88 1.4 2027 1 0 0
31.657905291372266 -79.88 1.4 2027 1 0 0
17.94059885637671 -83.2 1.4 2027 1 0 0
45.98019961879224 -83.2 1.4 2027 1 0 0
74.01980038120777 -83.2 1.4 2027 1 0 0
69.44736490287592 -79.88 1.4 2027 1 0 0
50.552635097124096 -79.88 1.4 2027 1 0 0
45.98019961879224 -83.2 1.4 2027 1 0 0
74.01980038120777 -83.2 1.4 2027 1 0 0
102.05940114362329 -83.2 1.4 2027 1 0 0
88.34209470862774 -79.88 1.4 2027 1 0 0
69.44736490287592 -79.88 1.4 2027 1 0 0
74.01980038120777 -83.2 1.4 2027 1 0 0
22.210540388496355 -79.88 1.4 2027 1 0 0
41.10527019424818 -79.88 1.4 2027 1 0 0
45.7159435401812 -76.56 1.4 2027 1 0 0
31.431887080362404 -76.56 1.4 2027 1 0 0
22.210540388496355 -79.88 1.4 2027 1 0 0
41.10527019424818 -79.88 1.4 2027 1 0 0
60.0 -79.88 1.4 2027 1 0 0
60.0 -76.56 1.4 2027 1 0 0
45.7159435401812 -76.56 1.4 2027 1 0 0
41.10527019424818 -79.88 1.4 2027 1 0 0
60.0 -79.88 1.4 2027 1 0 0
78.89472980575182 -79.88 1.4 2027 1 0 0
74.2840564598188 -76.56 1.4 2027 1 0 0
60.0 -76.56 1.4 2027 1 0 0
60.0 -79.88 1.4 2027 1 0 0
78.89472980575182 -79.88 1.4 2027 1 0 0
97.78945961150364 -79.88 1.4 2027 1 0 0
88.5681129196376 -76.56 1.4 2027 1 0 0
74.2840564598188 -76.56 1.4 2027 1 0 0
78.89472980575182 -79.88 1.4 2027 1 0 0
24.289858850453008 -76.56 1.4 2027 1 0 0
38.5739153102718 -76.56 1.4 2027 1 0 0
42.73012404752056 -73.24 1.4 2027 1 0 0
31.216873412534273 -73.24 1.4 2027 1 0 0
24.289858850453008 -76.56 1.4 2027 1 0 0
38.5739153102718 -76.56 1.4 2027 1 0 0
52.8579717700906 -76.56 1.4 2027 1 0 0
54.243374682506854 -73.24 1.4 2027 1 0 0
42.73012404752056 -73.24 1.4 2027 1 0 0
38.5739153102718 -76.56 1.4 2027 1 0 0
52.8579717700906 -76.56 1.4 2027 1 0 0
67.14202822990939 -76.56 1.4 2027 1 0 0
65.75662531749315 -73.24 1.4 2027 1 0 0
54.243374682506854 -73.24 1.4 2027 1 0 0
52.8579717700906 -76.56 1.4 2027 1 0 0
67.14202822990939 -76.56 1.4 2027 1 0 0
81.42608468972819 -76.56 1.4 2027 1 0 0
77.26987595247944 -73.24 1.4 2027 1 0 0
65.75662531749315 -73.24 1.4 2027 1 0 0
67.14202822990939 -76.56 1.4 2027 1 0 0
81.42608468972819 -76.56 1.4 2027 1 0 0
95.71014114954698 -76.56 1.4 2027 1 0 0
88.78312658746573 -73.24 1.4 2027 1 0 0
77.26987595247944 -73.24 1.4 2027 1 0 0
81.42608468972819 -76.56 1.4 2027 1 0 0
25.46024809504118 -73.24 1.4 2027 1 0 0
36.97349873002745 -73.24 1.4 2027 1 0 0
40.660111628449386 -69.92 1.4 2027 1 0 0
30.99016744267408 -69.92 1.4 2027 1 0 0
25.46024809504118 -73.24 1.4 2027 1 0 0
36.97349873002745 -73.24 1.4 2027 1 0 0
48.48674936501372 -73.24 1.4 2027 1 0 0
50.33005581422469 -69.92 1.4 2027 1 0 0
40.660111628449386 -69.92 1.4 2027 1 0 0
36.97349873002745 -73.24 1.4 2027 1 0 0
48.48674936501372 -73.24 1.4 2027 1 0 0
60.0 -73.24 1.4 2027 1 0 0
60.0 -69.92 1.4 2027 1 0 0
50.33005581422469 -69.92 1.4 2027 1 0 0
48.48674936501372 -73.24 1.4 2027 1 0 0
60.0 -73.24 1.4 2027 1 0 0
71.51325063498626 -73.24 1.4 2027 1 0 0
69.66994418577531 -69.92 1.4 2027 1 0 0
60.0 -69.92 1.4 2027 1 0 0
60.0 -73.24 1.4 2027 1 0 0
71.51325063498626 -73.24 1.4 2027 1 0 0
83.02650126997254 -73.24 1.4 2027 1 0 0
79.33988837155061 -69.92 1.4 2027 1 0 0
69.66994418577531 -69.92 1.4 2027 1 0 0
71.51325063498626 -73.24 1.4 2027 1 0 0
83.02650126997254 -73.24 1.4 2027 1 0 0
94.53975190495882 -73.24 1.4 2027 1 0 0
89.00983255732592 -69.92 1.4 2027 1 0 0
79.33988837155061 -69.92 1.4 2027 1 0 0
83.02650126997254 -73.24 1.4 2027 1 0 0
26.155195349786446 -69.92 1.4 2027 1 0 0
35.825139535561746 -69.92 1.4 2027 1 0 0
39.10098430402411 -66.6 1.4 2027 1 0 0
30.741378025633754 -66.6 1.4 2027 1 0 0
26.155195349786446 -69.92 1.4 2027 1 0 0
35.825139535561746 -69.92 1.4 2027 1 0 0
45.49508372133704 -69.92 1.4 2027 1 0 0
47.46059058241447 -66.6 1.4 2027 1 0 0
39.10098430402411 -66.6 1.4 2027 1 0 0
35.825139535561746 -69.92 1.4 2027 1 0 0
45.49508372133704 -69.92 1.4 2027 1 0 0
55.16502790711234 -69.92 1.4 2027 1 0 0
55.82019686080483 -66.6 1.4 2027 1 0 0
47.46059058241447 -66.6 1.4 2027 1 0 0
45.49508372133704 -69.92 1.4 2027 1 0 0
55.16502790711234 -69.92 1.4 2027 1 0 0
64.83497209288764 -69.92 1.4 2027 1 0 0
64.17980313919519 -66.6 1.4 2027 1 0 0
55.82019686080483 -66.6 1.4 2027 1 0 0
55.16502790711234 -69.92 1.4 2027 1 0 0
64.83497209288764 -69.92 1.4 2027 1 0 0
74.50491627866293 -69.92 1.4 2027 1 0 0
72.53940941758555 -66.6 1.4 2027 1 0 0
64.17980313919519 -66.6 1.4 2027 1 0 0
64.83497209288764 -69.92 1.4 2027 1 0 0
74.50491627866293 -69.92 1.4 2027 1 0 0
84.17486046443824 -69.92 1.4 2027 1 0 0
80.89901569597589 -66.6 1.4 2027 1 0 0
72.53940941758555 -66.6 1.4 2027 1 0 0
74.50491627866293 -69.92 1.4 2027 1 0 0
84.17486046443824 -69.92 1.4 2027 1 0 0
93.84480465021355 -69.92 1.4 2027 1 0 0
89.25862197436625 -66.6 1.4 2027 1 0 0
80.89901569597589 -66.6 1.4 2027 1 0 0
84.17486046443824 -69.92 1.4 2027 1 0 0
26.561574886438578 -66.6 1.4 2027 1 0 0
34.92118116482894 -66.6 1.4 2027 1 0 0
37.84849340717359 -63.28 1.4 2027 1 0 0
30.464657876231453 -63.28 1.4 2027 1 0 0
26.561574886438578 -66.6 1.4 2027 1 0 0
34.92118116482894 -66.6 1.4 2027 1 0 0
43.28078744321929 -66.6 1.4 2027 1 0 0
45.23232893811573 -63.28 1.4 2027 1 0 0
37.84849340717359 -63.28 1.4 2027 1 0 0
34.92118116482894 -66.6 1.4 2027 1 0 0
43.28078744321929 -66.6 1.4 2027 1 0 0
51.64039372160964 -66.6 1.4 2027 1 0 0
52.616164469057864 -63.28 1.4 2027 1 0 0
45.23232893811573 -63.28 1.4 2027 1 0 0
43.28078744321929 -66.6 1.4 2027 1 0 0
51.64039372160964 -66.6 1.4 2027 1 0 0
60.0 -66.6 1.4 2027 1 0 0
60.0 -63.28 1.4 2027 1 0 0
52.616164469057864 -63.28 1.4 2027 1 0 0
51.64039372160964 -66.6 1.4 2027 1 0 0
60.0 -66.6 1.4 2027 1 0 0
68.35960627839036 -66.6 1.4 2027 1 0 0
67.38383553094214 -63.28 1.4 2027 1 0 0
60.0 -63.28 1.4 2027 1 0 0
60.0 -66.6 1.4 2027 1 0 0
68.35960627839036 -66.6 1.4 2027 1 0 0
76.71921255678072 -66.6 1.4 2027 1 0 0
74.76767106188427 -63.28 1.4 2027 1 0 0
67.38383553094214 -63.28 1.4 2027 1 0 0
68.35960627839036 -66.6 1.4 2027 1 0 0
76.71921255678072 -66.6 1.4 2027 1 0 0
85.07881883517106 -66.6 1.4 2027 1 0 0
82.15150659282641 -63.28 1.4 2027 1 0 0
74.76767106188427 -63.28 1.4 2027 1 0 0
76.71921255678072 -66.6 1.4 2027 1 0 0
85.07881883517106 -66.6 1.4 2027 1 0 0
93.43842511356142 -66.6 1.4 2027 1 0 0
89.53534212376854 -63.28 1.4 2027 1 0 0
82.15150659282641 -63.28 1.4 2027 1 0 0
85.07881883517106 -66.6 1.4 2027 1 0 0
26.77274011076038 -63.28 1.4 2027 1 0 0
34.15657564170252 -63.28 1.4 2027 1 0 0
36.78806220645349 -59.959999999999994 1.4 2027 1 0 0
30.156079979725913 -59.959999999999994 1.4 2027 1 0 0
26.77274011076038 -63.28 1.4 2027 1 0 0
34.15657564170252 -63.28 1.4 2027 1 0 0
41.54041117264465 -63.28 1.4 2027 1 0 0
43.42004443318106 -59.959999999999994 1.4 2027 1 0 0
36.78806220645349 -59.959999999999994 1.4 2027 1 0 0
34.15657564170252 -63.28 1.4 2027 1 0 0
41.54041117264465 -63.28 1.4 2027 1 0 0
48.924246703586796 -63.28 1.4 2027 1 0 0
50.052026659908634 -59.959999999999994 1.4 2027 1 0 0
43.42004443318106 -59.959999999999994 1.4 2027 1 0 0
41.54041117264465 -63.28 1.4 2027 1 0 0
48.924246703586796 -63.28 1.4 2027 1 0 0
56.30808223452893 -63.28 1.4 2027 1 0 0
56.68400888663621 -59.959999999999994 1.4 2027 1 0 0
50.052026659908634 -59.959999999999994 1.4 2027 1 0 0
48.924246703586796 -63.28 1.4 2027 1 0 0
56.30808223452893 -63.28 1.4 2027 1 0 0
63.69191776547107 -63.28 1.4 2027 1 0 0
63.31599111336378 -59.959999999999994 1.4 2027 1 0 0
56.68400888663621 -59.959999999999994 1.4 2027 1 0 0
56.30808223452893 -63.28 1.4 2027 1 0 0
63.69191776547107 -63.28 1.4 2027 1 0 0
71.07575329641321 -63.28 1.4 2027 1 0 0
69.94797334009137 -59.959999999999994 1.4 2027 1 0 0
63.31599111336378 -59.959999999999994 1.4 2027 1 0 0
63.69191776547107 -63.28 1.4 2027 1 0 0
71.07575329641321 -63.28 1.4 2027 1 0 0
78.45958882735535 -63.28 1.4 2027 1 0 0
76.57995556681894 -59.959999999999994 1.4 2027 1 0 0
69.94797334009137 -59.959999999999994 1.4 2027 1 0 0
71.07575329641321 -63.28 1.4 2027 1 0 0
78.45958882735535 -63.28 1.4 2027 1 0 0
85.84342435829748 -63.28 1.4 2027 1 0 0
83.21193779354651 -59.959999999999994 1.4 2027 1 0 0
76.57995556681894 -59.959999999999994 1.4 2027 1 0 0
78.45958882735535 -63.28 1.4 2027 1 0 0
85.84342435829748 -63.28 1.4 2027 1 0 0
93.22725988923962 -63.28 1.4 2027 1 0 0
89.84392002027408 -59.959999999999994 1.4 2027 1 0 0
83.21193779354651 -59.959999999999994 1.4 2027 1 0 0
85.84342435829748 -63.28 1.4 2027 1 0 0
26.84008886636213 -59.959999999999994 1.4 2027 1 0 0
33.4720710930897 -59.959999999999994 1.4 2027 1 0 0
35.85005673641804 -56.64 1.4 2027 1 0 0
29.812570920522553 -56.64 1.4 2027 1 0 0
26.84008886636213 -59.959999999999994 1.4 2027 1 0 0
33.4720710930897 -59.959999999999994 1.4 2027 1 0 0
40.10405331981728 -59.959999999999994 1.4 2027 1 0 0
41.88754255231353 -56.64 1.4 2027 1 0 0
35.85005673641804 -56.64 1.4 2027 1 0 0
33.4720710930897 -59.959999999999994 1.4 2027 1 0 0
40.10405331981728 -59.959999999999994 1.4 2027 1 0 0
46.736035546544855 -59.959999999999994 1.4 2027 1 0 0
47.92502836820903 -56.64 1.4 2027 1 0 0
41.88754255231353 -56.64 1.4 2027 1 0 0
40.10405331981728 -59.959999999999994 1.4 2027 1 0 0
46.736035546544855 -59.959999999999994 1.4 2027 1 0 0
53.36801777327243 -59.959999999999994 1.4 2027 1 0 0
53.96251418410451 -56.64 1.4 2027 1 0 0
47.92502836820903 -56.64 1.4 2027 1 0 0
46.736035546544855 -59.959999999999994 1.4 2027 1 0 0
53.36801777327243 -59.959999999999994 1.4 2027 1 0 0
60.00000000000001 -59.959999999999994 1.4 2027 1 0 0
60.0 -56.64 1.4 2027 1 0 0
53.96251418410451 -56.64 1.4 2027 1 0 0
53.36801777327243 -59.959999999999994 1.4 2027 1 0 0
60.00000000000001 -59.959999999999994 1.4 2027 1 0 0
66.63198222672759 -59.959999999999994 1.4 2027 1 0 0
66.0374858158955 -56.64 1.4 2027 1 0 0
60.0 -56.64 1.4 2027 1 0 0
60.00000000000001 -59.959999999999994 1.4 2027 1 0 0
66.63198222672759 -59.959999999999994 1.4 2027 1 0 0
73.26396445345516 -59.959999999999994 1.4 2027 1 0 0
72.07497163179099 -56.64 1.4 2027 1 0 0
66.0374858158955 -56.64 1.4 2027 1 0 0
66.63198222672759 -59.959999999999994 1.4 2027 1 0 0
73.26396445345516 -59.959999999999994 1.4 2027 1 0 0
79.89594668018273 -59.959999999999994 1.4 2027 1 0 0
78.11245744768647 -56.64 1.4 2027 1 0 0
72.07497163179099 -56.64 1.4 2027 1 0 0
73.26396445345516 -59.959999999999994 1.4 2027 1 0 0
79.89594668018273 -59.959999999999994 1.4 2027 1 0 0
86.5279289069103 -59.959999999999994 1.4 2027 1 0 0
84.14994326358197 -56.64 1.4 2027 1 0 0
78.11245744768647 -56.64 1.4 2027 1 0 0
79.89594668018273 -59.959999999999994 1.4 2027 1 0 0
86.5279289069103 -59.959999999999994 1.4 2027 1 0 0
93.15991113363788 -59.959999999999994 1.4 2027 1 0 0
90.18742907947745 -56.64 1.4 2027 1 0 0
84.14994326358197 -56.64 1.4 2027 1 0 0
86.5279289069103 -59.959999999999994 1.4 2027 1 0 0
26.793828012574807 -56.64 1.4 2027 1 0 0
32.8313138284703 -56.64 1.4 2027 1 0 0
34.98933774352546 -53.32 1.4 2027 1 0 0
29.43141279764223 -53.32 1.4 2027 1 0 0
26.793828012574807 -56.64 1.4 2027 1 0 0
32.8313138284703 -56.64 1.4 2027 1 0 0
38.86879964436579 -56.64 1.4 2027 1 0 0
40.5472626894087 -53.32 1.4 2027 1 0 0
34.98933774352546 -53.32 1.4 2027 1 0 0
32.8313138284703 -56.64 1.4 2027 1 0 0
38.86879964436579 -56.64 1.4 2027 1 0 0
44.90628546026127 -56.64 1.4 2027 1 0 0
46.10518763529193 -53.32 1.4 2027 1 0 0
40.5472626894087 -53.32 1.4 2027 1 0 0
38.86879964436579 -56.64 1.4 2027 1 0 0
44.90628546026127 -56.64 1.4 2027 1 0 0
50.94377127615677 -56.64 1.4 2027 1 0 0
51.663112581175156 -53.32 1.4 2027 1 0 0
46.10518763529193 -53.32 1.4 2027 1 0 0
44.90628546026127 -56.64 1.4 2027 1 0 0
50.94377127615677 -56.64 1.4 2027 1 0 0
56.98125709205226 -56.64 1.4 2027 1 0 0
57.221037527058385 -53.32 1.4 2027 1 0 0
51.663112581175156 -53.32 1.4 2027 1 0 0
50.94377127615677 -56.64 1.4 2027 1 0 0
56.98125709205226 -56.64 1.4 2027 1 0 0
63.01874290794775 -56.64 1.4 2027 1 0 0
62.77896247294162 -53.32 1.4 2027 1 0 0
57.221037527058385 -53.32 1.4 2027 1 0 0
56.98125709205226 -56.64 1.4 2027 1 0 0
63.01874290794775 -56.64 1.4 2027 1 0 0
69.05622872384323 -56.64 1.4 2027 1 0 0
68.33688741882486 -53.32 1.4 2027 1 0 0
62.77896247294162 -53.32 1.4 2027 1 0 0
63.01874290794775 -56.64 1.4 2027 1 0 0
69.05622872384323 -56.64 1.4 2027 1 0 0
75.09371453973873 -56.64 1.4 2027 1 0 0
73.89481236470809 -53.32 1.4 2027 1 0 0
68.33688741882486 -53.32 1.4 2027 1 0 0
69.05622872384323 -56.64 1.4 2027 1 0 0
75.09371453973873 -56.64 1.4 2027 1 0 0
81.13120035563422 -56.64 1.4 2027 1 0 0
79.45273731059132 -53.32 1.4 2027 1 0 0
73.89481236470809 -53.32 1.4 2027 1 0 0
75.09371453973873 -56.64 1.4 2027 1 0 0
81.13120035563422 -56.64 1.4 2027 1 0 0
87.16868617152971 -56.64 1.4 2027 1 0 0
85.01066225647455 -53.32 1.4 2027 1 0 0
79.45273731059132 -53.32 1.4 2027 1 0 0
81.13120035563422 -56.64 1.4 2027 1 0 0
87.16868617152971 -56.64 1.4 2027 1 0 0
93.2061719874252 -56.64 1.4 2027 1 0 0
90.56858720235778 -53.32 1.4 2027 1 0 0
85.01066225647455 -53.32 1.4 2027 1 0 0
87.16868617152971 -56.64 1.4 2027 1 0 0
26.652450324700624 -53.32 1.4 2027 1 0 0
32.21037527058385 -53.32 1.4 2027 1 0 0
34.17498447411717 -50.0 1.4 2027 1 0 0
29.009981368940597 -50.0 1.4 2027 1 0 0
26.652450324700624 -53.32 1.4 2027 1 0 0
32.21037527058385 -53.32 1.4 2027 1 0 0
37.76830021646708 -53.32 1.4 2027 1 0 0
39.339987579293734 -50.0 1.4 2027 1 0 0
34.17498447411717 -50.0 1.4 2027 1 0 0
32.21037527058385 -53.32 1.4 2027 1 0 0
37.76830021646708 -53.32 1.4 2027 1 0 0
43.32622516235031 -53.32 1.4 2027 1 0 0
44.5049906844703 -50.0 1.4 2027 1 0 0
39.339987579293734 -50.0 1.4 2027 1 0 0
37.76830021646708 -53.32 1.4 2027 1 0 0
43.32622516235031 -53.32 1.4 2027 1 0 0
48.88415010823354 -53.32 1.4 2027 1 0 0
49.66999378964687 -50.0 1.4 2027 1 0 0
44.5049906844703 -50.0 1.4 2027 1 0 0
43.32622516235031 -53.32 1.4 2027 1 0 0
48.88415010823354 -53.32 1.4 2027 1 0 0
54.44207505411677 -53.32 1.4 2027 1 0 0
54.83499689482343 -50.0 1.4 2027 1 0 0
49.66999378964687 -50.0 1.4 2027 1 0 0
48.88415010823354 -53.32 1.4 2027 1 0 0
54.44207505411677 -53.32 1.4 2027 1 0 0
60.0 -53.32 1.4 2027 1 0 0
60.0 -50.0 1.4 2027 1 0 0
54.83499689482343 -50.0 1.4 2027 1 0 0
54.44207505411677 -53.32 1.4 2027 1 0 0
60.0 -53.32 1.4 2027 1 0 0
65.55792494588323 -53.32 1.4 2027 1 0 0
65.16500310517657 -50.0 1.4 2027 1 0 0
60.0 -50.0 1.4 2027 1 0 0
60.0 -53.32 1.4 2027 1 0 0
65.55792494588323 -53.32 1.4 2027 1 0 0
71.11584989176646 -53.32 1.4 2027 1 0 0
70.33000621035313 -50.0 1.4 2027 1 0 0
65.16500310517657 -50.0 1.4 2027 1 0 0
65.55792494588323 -53.32 1.4 2027 1 0 0
71.11584989176646 -53.32 1.4 2027 1 0 0
76.67377483764969 -53.32 1.4 2027 1 0 0
75.4950093155297 -50.0 1.4 2027 1 0 0
70.33000621035313 -50.0 1.4 2027 1 0 0
71.11584989176646 -53.32 1.4 2027 1 0 0
76.67377483764969 -53.32 1.4 2027 1 0 0
82.23169978353292 -53.32 1.4 2027 1 0 0
80.66001242070627 -50.0 1.4 2027 1 0 0
75.4950093155297 -50.0 1.4 2027 1 0 0
76.67377483764969 -53.32 1.4 2027 1 0 0
82.23169978353292 -53.32 1.4 2027 1 0 0
87.78962472941615 -53.32 1.4 2027 1 0 0
85.82501552588283 -50.0 1.4 2027 1 0 0
80.66001242070627 -50.0 1.4 2027 1 0 0
82.23169978353292 -53.32 1.4 2027 1 0 0
87.78962472941615 -53.32 1.4 2027 1 0 0
93.34754967529938 -53.32 1.4 2027 1 0 0
90.9900186310594 -50.0 1.4 2027 1 0 0
85.82501552588283 -50.0 1.4 2027 1 0 0
87.78962472941615 -53.32 1.4 2027 1 0 0
29.00998136894059 -50.0 1.4 2027 1 0 0
34.17498447411716 -50.0 1.4 2027 1 0 0
35.804301168084486 -46.68 1.4 2027 1 0 0
30.96516140170138 -46.68 1.4 2027 1 0 0
29.00998136894059 -50.0 1.4 2027 1 0 0
34.17498447411716 -50.0 1.4 2027 1 0 0
39.33998757929373 -50.0 1.4 2027 1 0 0
40.643440934467584 -46.68 1.4 2027 1 0 0
35.804301168084486 -46.68 1.4 2027 1 0 0
34.17498447411716 -50.0 1.4 2027 1 0 0
39.33998757929373 -50.0 1.4 2027 1 0 0
44.5049906844703 -50.0 1.4 2027 1 0 0
45.48258070085069 -46.68 1.4 2027 1 0 0
40.643440934467584 -46.68 1.4 2027 1 0 0
39.33998757929373 -50.0 1.4 2027 1 0 0
44.5049906844703 -50.0 1.4 2027 1 0 0
49.66999378964687 -50.0 1.4 2027 1 0 0
50.32172046723379 -46.68 1.4 2027 1 0 0
45.48258070085069 -46.68 1.4 2027 1 0 0
44.5049906844703 -50.0 1.4 2027 1 0 0
49.66999378964687 -50.0 1.4 2027 1 0 0
54.83499689482343 -50.0 1.4 2027 1 0 0
55.160860233616894 -46.68 1.4 2027 1 0 0
50.32172046723379 -46.68 1.4 2027 1 0 0
49.66999378964687 -50.0 1.4 2027 1 0 0
54.83499689482343 -50.0 1.4 2027 1 0 0
60.0 -50.0 1.4 2027 1 0 0
60.0 -46.68 1.4 2027 1 0 0
55.160860233616894 -46.68 1.4 2027 1 0 0
54.83499689482343 -50.0 1.4 2027 1 0 0
60.0 -50.0 1.4 2027 1 0 0
65.16500310517658 -50.0 1.4 2027 1 0 0
64.8391397663831 -46.68 1.4 2027 1 0 0
60.0 -46.68 1.4 2027 1 0 0
60.0 -50.0 1.4 2027 1 0 0
65.16500310517658 -50.0 1.4 2027 1 0 0
70.33000621035315 -50.0 1.4 2027 1 0 0
69.6782795327662 -46.68 1.4 2027 1 0 0
64.8391397663831 -46.68 1.4 2027 1 0 0
65.16500310517658 -50.0 1.4 2027 1 0 0
70.33000621035315 -50.0 1.4 2027 1 0 0
75.49500931552971 -50.0 1.4 2027 1 0 0
74.51741929914931 -46.68 1.4 2027 1 0 0
69.6782795327662 -46.68 1.4 2027 1 0 0
70.33000621035315 -50.0 1.4 2027 1 0 0
75.49500931552971 -50.0 1.4 2027 1 0 0
80.66001242070628 -50.0 1.4 2027 1 0 0
79.35655906553241 -46.68 1.4 2027 1 0 0
74.51741929914931 -46.68 1.4 2027 1 0 0
75.49500931552971 -50.0 1.4 2027 1 0 0
80.66001242070628 -50.0 1.4 2027 1 0 0
85.82501552588285 -50.0 1.4 2027 1 0 0
84.19569883191551 -46.68 1.4 2027 1 0 0
79.35655906553241 -46.68 1.4 2027 1 0 0
80.66001242070628 -50.0 1.4 2027 1 0 0
85.82501552588285 -50.0 1.4 2027 1 0 0
90.99001863105941 -50.0 1.4 2027 1 0 0
89.03483859829862 -46.68 1.4 2027 1 0 0
84.19569883191551 -46.68 1.4 2027 1 0 0
85.82501552588285 -50.0 1.4 2027 1 0 0
33.384731284892936 -46.68 1.4 2027 1 0 0
38.22387105127604 -46.68 1.4 2027 1 0 0
39.45132482995787 -43.36 1.4 2027 1 0 0
34.88495256994851 -43.36 1.4 2027 1 0 0
33.384731284892936 -46.68 1.4 2027 1 0 0
38.22387105127604 -46.68 1.4 2027 1 0 0
43.06301081765915 -46.68 1.4 2027 1 0 0
44.017697089967236 -43.36 1.4 2027 1 0 0
39.45132482995787 -43.36 1.4 2027 1 0 0
38.22387105127604 -46.68 1.4 2027 1 0 0
43.06301081765915 -46.68 1.4 2027 1 0 0
47.902150584042246 -46.68 1.4 2027 1 0 0
48.5840693499766 -43.36 1.4 2027 1 0 0
44.017697089967236 -43.36 1.4 2027 1 0 0
43.06301081765915 -46.68 1.4 2027 1 0 0
47.902150584042246 -46.68 1.4 2027 1 0 0
52.74129035042535 -46.68 1.4 2027 1 0 0
53.15044160998596 -43.36 1.4 2027 1 0 0
48.5840693499766 -43.36 1.4 2027 1 0 0
47.902150584042246 -46.68 1.4 2027 1 0 0
52.74129035042535 -46.68 1.4 2027 1 0 0
57.58043011680846 -46.68 1.4 2027 1 0 0
57.71681386999532 -43.36 1.4 2027 1 0 0
53.15044160998596 -43.36 1.4 2027 1 0 0
52.74129035042535 -46.68 1.4 2027 1 0 0
57.58043011680846 -46.68 1.4 2027 1 0 0
62.419569883191556 -46.68 1.4 2027 1 0 0
62.28318613000469 -43.36 1.4 2027 1 0 0
57.71681386999532 -43.36 1.4 2027 1 0 0
57.58043011680846 -46.68 1.4 2027 1 0 0
62.419569883191556 -46.68 1.4 2027 1 0 0
67.25870964957466 -46.68 1.4 2027 1 0 0
66.84955839001405 -43.36 1.4 2027 1 0 0
62.28318613000469 -43.36 1.4 2027 1 0 0
62.419569883191556 -46.68 1.4 2027 1 0 0
67.25870964957466 -46.68 1.4 2027 1 0 0
72.09784941595777 -46.68 1.4 2027 1 0 0
71.41593065002341 -43.36 1.4 2027 1 0 0
66.84955839001405 -43.36 1.4 2027 1 0 0
67.25870964957466 -46.68 1.4 2027 1 0 0
72.09784941595777 -46.68 1.4 2027 1 0 0
76.93698918234088 -46.68 1.4 2027 1 0 0
75.98230291003277 -43.36 1.4 2027 1 0 0
71.41593065002341 -43.36 1.4 2027 1 0 0
72.09784941595777 -46.68 1.4 2027 1 0 0
76.93698918234088 -46.68 1.4 2027 1 0 0
81.77612894872398 -46.68 1.4 2027 1 0 0
80.54867517004215 -43.36 1.4 2027 1 0 0
75.98230291003277 -43.36 1.4 2027 1 0 0
76.93698918234088 -46.68 1.4 2027 1 0 0
81.77612894872398 -46.68 1.4 2027 1 0 0
86.61526871510708 -46.68 1.4 2027 1 0 0
85.1150474300515 -43.36 1.4 2027 1 0 0
80.54867517004215 -43.36 1.4 2027 1 0 0
81.77612894872398 -46.68 1.4 2027 1 0 0
37.16813869995318 -43.36 1.4 2027 1 0 0
41.73451095996255 -43.36 1.4 2027 1 0 0
42.6540256640129 -40.04 1.4 2027 1 0 0
38.31753208001612 -40.04 1.4 2027 1 0 0
37.16813869995318 -43.36 1.4 2027 1 0 0
41.73451095996255 -43.36 1.4 2027 1 0 0
46.30088321997191 -43.36 1.4 2027 1 0 0
46.990519248009676 -40.04 1.4 2027 1 0 0
42.6540256640129 -40.04 1.4 2027 1 0 0
41.73451095996255 -43.36 1.4 2027 1 0 0
46.30088321997191 -43.36 1.4 2027 1 0 0
50.867255479981274 -43.36 1.4 2027 1 0 0
51.327012832006446 -40.04 1.4 2027 1 0 0
46.990519248009676 -40.04 1.4 2027 1 0 0
46.30088321997191 -43.36 1.4 2027 1 0 0
50.867255479981274 -43.36 1.4 2027 1 0 0
55.43362773999064 -43.36 1.4 2027 1 0 0
55.66350641600322 -40.04 1.4 2027 1 0 0
51.327012832006446 -40.04 1.4 2027 1 0 0
50.867255479981274 -43.36 1.4 2027 1 0 0
55.43362773999064 -43.36 1.4 2027 1 0 0
60.00000000000001 -43.36 1.4 2027 1 0 0
60.0 -40.04 1.4 2027 1 0 0
55.66350641600322 -40.04 1.4 2027 1 0 0
55.43362773999064 -43.36 1.4 2027 1 0 0
60.00000000000001 -43.36 1.4 2027 1 0 0
64.56637226000937 -43.36 1.4 2027 1 0 0
64.33649358399677 -40.04 1.4 2027 1 0 0
60.0 -40.04 1.4 2027 1 0 0
60.00000000000001 -43.36 1.4 2027 1 0 0
64.56637226000937 -43.36 1.4 2027 1 0 0
69.13274452001873 -43.36 1.4 2027 1 0 0
68.67298716799354 -40.04 1.4 2027 1 0 0
64.33649358399677 -40.04 1.4 2027 1 0 0
64.56637226000937 -43.36 1.4 2027 1 0 0
69.13274452001873 -43.36 1.4 2027 1 0 0
73.6991167800281 -43.36 1.4 2027 1 0 0
73.00948075199032 -40.04 1.4 2027 1 0 0
68.67298716799354 -40.04 1.4 2027 1 0 0
69.13274452001873 -43.36 1.4 2027 1 0 0
73.6991167800281 -43.36 1.4 2027 1 0 0
78.26548904003747 -43.36 1.4 2027 1 0 0
77.34597433598711 -40.04 1.4 2027 1 0 0
73.00948075199032 -40.04 1.4 2027 1 0 0
73.6991167800281 -43.36 1.4 2027 1 0 0
78.26548904003747 -43.36 1.4 2027 1 0 0
82.83186130004682 -43.36 1.4 2027 1 0 0
81.68246791998388 -40.04 1.4 2027 1 0 0
77.34597433598711 -40.04 1.4 2027 1 0 0
78.26548904003747 -43.36 1.4 2027 1 0 0
40.48577887201451 -40.04 1.4 2027 1 0 0
44.822272456011284 -40.04 1.4 2027 1 0 0
45.50339495098859 -36.72 1.4 2027 1 0 0
41.36150779412819 -36.72 1.4 2027 1 0 0
40.48577887201451 -40.04 1.4 2027 1 0 0
44.822272456011284 -40.04 1.4 2027 1 0 0
49.15876604000806 -40.04 1.4 2027 1 0 0
49.64528210784899 -36.72 1.4 2027 1 0 0
45.50339495098859 -36.72 1.4 2027 1 0 0
44.822272456011284 -40.04 1.4 2027 1 0 0
49.15876604000806 -40.04 1.4 2027 1 0 0
53.49525962400483 -40.04 1.4 2027 1 0 0
53.78716926470939 -36.72 1.4 2027 1 0 0
49.64528210784899 -36.72 1.4 2027 1 0 0
49.15876604000806 -40.04 1.4 2027 1 0 0
53.49525962400483 -40.04 1.4 2027 1 0 0
57.831753208001615 -40.04 1.4 2027 1 0 0
57.9290564215698 -36.72 1.4 2027 1 0 0
53.78716926470939 -36.72 1.4 2027 1 0 0
53.49525962400483 -40.04 1.4 2027 1 0 0
57.831753208001615 -40.04 1.4 2027 1 0 0
62.168246791998385 -40.04 1.4 2027 1 0 0
62.0709435784302 -36.72 1.4 2027 1 0 0
57.9290564215698 -36.72 1.4 2027 1 0 0
57.831753208001615 -40.04 1.4 2027 1 0 0
62.168246791998385 -40.04 1.4 2027 1 0 0
66.50474037599517 -40.04 1.4 2027 1 0 0
66.2128307352906 -36.72 1.4 2027 1 0 0
62.0709435784302 -36.72 1.4 2027 1 0 0
62.168246791998385 -40.04 1.4 2027 1 0 0
66.50474037599517 -40.04 1.4 2027 1 0 0
70.84123395999194 -40.04 1.4 2027 1 0 0
70.354717892151 -36.72 1.4 2027 1 0 0
66.2128307352906 -36.72 1.4 2027 1 0 0
66.50474037599517 -40.04 1.4 2027 1 0 0
70.84123395999194 -40.04 1.4 2027 1 0 0
75.17772754398871 -40.04 1.4 2027 1 0 0
74.49660504901141 -36.72 1.4 2027 1 0 0
70.354717892151 -36.72 1.4 2027 1 0 0
70.84123395999194 -40.04 1.4 2027 1 0 0
75.17772754398871 -40.04 1.4 2027 1 0 0
79.5142211279855 -40.04 1.4 2027 1 0 0
78.63849220587181 -36.72 1.4 2027 1 0 0
74.49660504901141 -36.72 1.4 2027 1 0 0
75.17772754398871 -40.04 1.4 2027 1 0 0
43.43245137255839 -36.72 1.4 2027 1 0 0
47.57433852941879 -36.72 1.4 2027 1 0 0
48.06968258735607 -33.4 1.4 2027 1 0 0
44.092910116474755 -33.4 1.4 2027 1 0 0
43.43245137255839 -36.72 1.4 2027 1 0 0
47.57433852941879 -36.72 1.4 2027 1 0 0
51.71622568627919 -36.72 1.4 2027 1 0 0
52.04645505823738 -33.4 1.4 2027 1 0 0
48.06968258735607 -33.4 1.4 2027 1 0 0
47.57433852941879 -36.72 1.4 2027 1 0 0
51.71622568627919 -36.72 1.4 2027 1 0 0
55.858112843139594 -36.72 1.4 2027 1 0 0
56.023227529118685 -33.4 1.4 2027 1 0 0
52.04645505823738 -33.4 1.4 2027 1 0 0
51.71622568627919 -36.72 1.4 2027 1 0 0
55.858112843139594 -36.72 1.4 2027 1 0 0
59.99999999999999 -36.72 1.4 2027 1 0 0
60.0 -33.4 1.4 2027 1 0 0
56.023227529118685 -33.4 1.4 2027 1 0 0
55.858112843139594 -36.72 1.4 2027 1 0 0
59.99999999999999 -36.72 1.4 2027 1 0 0
64.14188715686039 -36.72 1.4 2027 1 0 0
63.976772470881315 -33.4 1.4 2027 1 0 0
60.0 -33.4 1.4 2027 1 0 0
59.99999999999999 -36.72 1.4 2027 1 0 0
64.14188715686039 -36.72 1.4 2027 1 0 0
68.2837743137208 -36.72 1.4 2027 1 0 0
67.95354494176263 -33.4 1.4 2027 1 0 0
63.976772470881315 -33.4 1.4 2027 1 0 0
64.14188715686039 -36.72 1.4 2027 1 0 0
68.2837743137208 -36.72 1.4 2027 1 0 0
72.42566147058119 -36.72 1.4 2027 1 0 0
71.93031741264393 -33.4 1.4 2027 1 0 0
67.95354494176263 -33.4 1.4 2027 1 0 0
68.2837743137208 -36.72 1.4 2027 1 0 0
72.42566147058119 -36.72 1.4 2027 1 0 0
76.5675486274416 -36.72 1.4 2027 1 0 0
75.90708988352524 -33.4 1.4 2027 1 0 0
71.93031741264393 -33.4 1.4 2027 1 0 0
72.42566147058119 -36.72 1.4 2027 1 0 0
46.08129635191541 -33.4 1.4 2027 1 0 0
50.05806882279672 -33.4 1.4 2027 1 0 0
50.408243952590254 -30.08 1.4 2027 1 0 0
46.57154153362635 -30.08 1.4 2027 1 0 0
46.08129635191541 -33.4 1.4 2027 1 0 0
50.05806882279672 -33.4 1.4 2027 1 0 0
54.034841293678035 -33.4 1.4 2027 1 0 0
54.24494637155415 -30.08 1.4 2027 1 0 0
50.408243952590254 -30.08 1.4 2027 1 0 0
50.05806882279672 -33.4 1.4 2027 1 0 0
54.034841293678035 -33.4 1.4 2027 1 0 0
58.01161376455934 -33.4 1.4 2027 1 0 0
58.08164879051805 -30.08 1.4 2027 1 0 0
54.24494637155415 -30.08 1.4 2027 1 0 0
54.034841293678035 -33.4 1.4 2027 1 0 0
58.01161376455934 -33.4 1.4 2027 1 0 0
61.98838623544066 -33.4 1.4 2027 1 0 0
61.918351209481955 -30.08 1.4 2027 1 0 0
58.08164879051805 -30.08 1.4 2027 1 0 0
58.01161376455934 -33.4 1.4 2027 1 0 0
61.98838623544066 -33.4 1.4 2027 1 0 0
65.96515870632197 -33.4 1.4 2027 1 0 0
65.75505362844585 -30.08 1.4 2027 1 0 0
61.918351209481955 -30.08 1.4 2027 1 0 0
61.98838623544066 -33.4 1.4 2027 1 0 0
65.96515870632197 -33.4 1.4 2027 1 0 0
69.94193117720327 -33.4 1.4 2027 1 0 0
69.59175604740975 -30.08 1.4 2027 1 0 0
65.75505362844585 -30.08 1.4 2027 1 0 0
65.96515870632197 -33.4 1.4 2027 1 0 0
69.94193117720327 -33.4 1.4 2027 1 0 0
73.91870364808459 -33.4 1.4 2027 1 0 0
73.42845846637366 -30.08 1.4 2027 1 0 0
69.59175604740975 -30.08 1.4 2027 1 0 0
69.94193117720327 -33.4 1.4 2027 1 0 0
48.4898927431083 -30.08 1.4 2027 1 0 0
52.3265951620722 -30.08 1.4 2027 1 0 0
52.56356005420829 -26.759999999999998 1.4 2027 1 0 0
48.84534008131243 -26.759999999999998 1.4 2027 1 0 0
48.4898927431083 -30.08 1.4 2027 1 0 0
52.3265951620722 -30.08 1.4 2027 1 0 0
56.1632975810361 -30.08 1.4 2027 1 0 0
56.28178002710414 -26.759999999999998 1.4 2027 1 0 0
52.56356005420829 -26.759999999999998 1.4 2027 1 0 0
52.3265951620722 -30.08 1.4 2027 1 0 0
56.1632975810361 -30.08 1.4 2027 1 0 0
60.0 -30.08 1.4 2027 1 0 0
60.0 -26.759999999999998 1.4 2027 1 0 0
56.28178002710414 -26.759999999999998 1.4 2027 1 0 0
56.1632975810361 -30.08 1.4 2027 1 0 0
60.0 -30.08 1.4 2027 1 0 0
63.8367024189639 -30.08 1.4 2027 1 0 0
63.71821997289586 -26.759999999999998 1.4 2027 1 0 0
60.0 -26.759999999999998 1.4 2027 1 0 0
60.0 -30.08 1.4 2027 1 0 0
63.8367024189639 -30.08 1.4 2027 1 0 0
67.6734048379278 -30.08 1.4 2027 1 0 0
67.43643994579172 -26.759999999999998 1.4 2027 1 0 0
63.71821997289586 -26.759999999999998 1.4 2027 1 0 0
63.8367024189639 -30.08 1.4 2027 1 0 0
67.6734048379278 -30.08 1.4 2027 1 0 0
71.5101072568917 -30.08 1.4 2027 1 0 0
71.15465991868757 -26.759999999999998 1.4 2027 1 0 0
67.43643994579172 -26.759999999999998 1.4 2027 1 0 0
67.6734048379278 -30.08 1.4 2027 1 0 0
50.704450067760355 -26.759999999999998 1.4 2027 1 0 0
54.422670040656214 -26.759999999999998 1.4 2027 1 0 0
54.572071847848285 -23.439999999999998 1.4 2027 1 0 0
50.95345307974715 -23.439999999999998 1.4 2027 1 0 0
50.704450067760355 -26.759999999999998 1.4 2027 1 0 0
54.422670040656214 -26.759999999999998 1.4 2027 1 0 0
58.14089001355207 -26.759999999999998 1.4 2027 1 0 0
58.19069061594942 -23.439999999999998 1.4 2027 1 0 0
54.572071847848285 -23.439999999999998 1.4 2027 1 0 0
54.422670040656214 -26.759999999999998 1.4 2027 1 0 0
58.14089001355207 -26.759999999999998 1.4 2027 1 0 0
61.859109986447926 -26.759999999999998 1.4 2027 1 0 0
61.809309384050565 -23.439999999999998 1.4 2027 1 0 0
58.19069061594942 -23.439999999999998 1.4 2027 1 0 0
58.14089001355207 -26.759999999999998 1.4 2027 1 0 0
61.859109986447926 -26.759999999999998 1.4 2027 1 0 0
65.57732995934379 -26.759999999999998 1.4 2027 1 0 0
65.4279281521517 -23.439999999999998 1.4 2027 1 0 0
61.809309384050565 -23.439999999999998 1.4 2027 1 0 0
61.859109986447926 -26.759999999999998 1.4 2027 1 0 0
65.57732995934379 -26.759999999999998 1.4 2027 1 0 0
69.29554993223964 -26.759999999999998 1.4 2027 1 0 0
69.04654692025284 -23.439999999999998 1.4 2027 1 0 0
65.4279281521517 -23.439999999999998 1.4 2027 1 0 0
65.57732995934379 -26.759999999999998 1.4 2027 1 0 0
52.76276246379772 -23.439999999999998 1.4 2027 1 0 0
56.381381231898864 -23.439999999999998 1.4 2027 1 0 0
56.46422673149625 -20.120000000000005 1.4 2027 1 0 0
52.92845346299249 -20.120000000000005 1.4 2027 1 0 0
52.76276246379772 -23.439999999999998 1.4 2027 1 0 0
56.381381231898864 -23.439999999999998 1.4 2027 1 0 0
60.0 -23.439999999999998 1.4 2027 1 0 0
60.0 -20.120000000000005 1.4 2027 1 0 0
56.46422673149625 -20.120000000000005 1.4 2027 1 0 0
56.381381231898864 -23.439999999999998 1.4 2027 1 0 0
60.0 -23.439999999999998 1.4 2027 1 0 0
63.61861876810114 -23.439999999999998 1.4 2027 1 0 0
63.53577326850375 -20.120000000000005 1.4 2027 1 0 0
60.0 -20.120000000000005 1.4 2027 1 0 0
60.0 -23.439999999999998 1.4 2027 1 0 0
63.61861876810114 -23.439999999999998 1.4 2027 1 0 0
67.23723753620229 -23.439999999999998 1.4 2027 1 0 0
67.0715465370075 -20.120000000000005 1.4 2027 1 0 0
63.53577326850375 -20.120000000000005 1.4 2027 1 0 0
63.61861876810114 -23.439999999999998 1.4 2027 1 0 0
54.696340097244374 -20.120000000000005 1.4 2027 1 0 0
58.23211336574813 -20.120000000000005 1.4 2027 1 0 0
58.26599165244266 -16.799999999999997 1.4 2027 1 0 0
54.79797495732799 -16.799999999999997 1.4 2027 1 0 0
54.696340097244374 -20.120000000000005 1.4 2027 1 0 0
58.23211336574813 -20.120000000000005 1.4 2027 1 0 0
61.76788663425187 -20.120000000000005 1.4 2027 1 0 0
61.734008347557335 -16.799999999999997 1.4 2027 1 0 0
58.26599165244266 -16.799999999999997 1.4 2027 1 0 0
58.23211336574813 -20.120000000000005 1.4 2027 1 0 0
61.76788663425187 -20.120000000000005 1.4 2027 1 0 0
65.30365990275563 -20.120000000000005 1.4 2027 1 0 0
65.202025042672 -16.799999999999997 1.4 2027 1 0 0
61.734008347557335 -16.799999999999997 1.4 2027 1 0 0
61.76788663425187 -20.120000000000005 1.4 2027 1 0 0
54.79797495732799 -16.799999999999997 1.4 2027 1 0 0
58.26599165244266 -16.799999999999997 1.4 2027 1 0 0
58.29297372894308 -13.480000000000004 1.4 2027 1 0 0
54.87892118682924 -13.480000000000004 1.4 2027 1 0 0
54.79797495732799 -16.799999999999997 1.4 2027 1 0 0
58.26599165244266 -16.799999999999997 1.4 2027 1 0 0
61.734008347557335 -16.799999999999997 1.4 2027 1 0 0
61.707026271056925 -13.480000000000004 1.4 2027 1 0 0
58.29297372894308 -13.480000000000004 1.4 2027 1 0 0
58.26599165244266 -16.799999999999997 1.4 2027 1 0 0
61.734008347557335 -16.799999999999997 1.4 2027 1 0 0
65.202025042672 -16.799999999999997 1.4 2027 1 0 0
65.12107881317077 -13.480000000000004 1.4 2027 1 0 0
61.707026271056925 -13.480000000000004 1.4 2027 1 0 0
61.734008347557335 -16.799999999999997 1.4 2027 1 0 0
