| ra       | dec      | wavelength |  year  |  day   | obsloc | ido_view |
| double   | double   | double     |  char  |  char  |  char  |  char    |
| deg      | deg      | microns    |        |        |        |          |
39.31632147688537 -84.86 1.4 2027 190 0 0
80.68367852311462 -84.86 1.4 2027 190 0 0
36.53283471591633 -81.53999999999999 1.4 2027 190 0 0
60.00000000000001 -81.53999999999999 1.4 2027 190 0 0
83.46716528408368 -81.53999999999999 1.4 2027 190 0 0
35.11591030082204 -78.22 1.4 2027 190 0 0
51.70530343360735 -78.22 1.4 2027 190 0 0
68.29469656639264 -78.22 1.4 2027 190 0 0
84.88408969917796 -78.22 1.4 2027 190 0 0
34.202692905194915 -74.9 1.4 2027 190 0 0
47.101346452597454 -74.9 1.4 2027 190 0 0
60.0 -74.9 1.4 2027 190 0 0
72.89865354740255 -74.9 1.4 2027 190 0 0
85.79730709480508 -74.9 1.4 2027 190 0 0
33.52100647404802 -71.58 1.4 2027 190 0 0
44.112603884428815 -71.58 1.4 2027 190 0 0
54.70420129480961 -71.58 1.4 2027 190 0 0
65.29579870519039 -71.58 1.4 2027 190 0 0
75.88739611557118 -71.58 1.4 2027 190 0 0
86.47899352595198 -71.58 1.4 2027 190 0 0
32.955674303751515 -68.25999999999999 1.4 2027 190 0 0
41.97044953583434 -68.25999999999999 1.4 2027 190 0 0
50.985224767917174 -68.25999999999999 1.4 2027 190 0 0
59.99999999999999 -68.25999999999999 1.4 2027 190 0 0
69.01477523208283 -68.25999999999999 1.4 2027 190 0 0
78.02955046416565 -68.25999999999999 1.4 2027 190 0 0
87.04432569624848 -68.25999999999999 1.4 2027 190 0 0
32.44897683366814 -64.94 1.4 2027 190 0 0
40.32069773833439 -64.94 1.4 2027 190 0 0
48.19241864300063 -64.94 1.4 2027 190 0 0
56.06413954766688 -64.94 1.4 2027 190 0 0
63.93586045233312 -64.94 1.4 2027 190 0 0
71.80758135699938 -64.94 1.4 2027 190 0 0
79.67930226166561 -64.94 1.4 2027 190 0 0
87.55102316633186 -64.94 1.4 2027 190 0 0
31.968364484660576 -61.61999999999999 1.4 2027 190 0 0
38.97627336349543 -61.61999999999999 1.4 2027 190 0 0
45.984182242330284 -61.61999999999999 1.4 2027 190 0 0
52.992091121165146 -61.61999999999999 1.4 2027 190 0 0
60.0 -61.61999999999999 1.4 2027 190 0 0
67.00790887883485 -61.61999999999999 1.4 2027 190 0 0
74.01581775766971 -61.61999999999999 1.4 2027 190 0 0
81.02372663650456 -61.61999999999999 1.4 2027 190 0 0
88.03163551533942 -61.61999999999999 1.4 2027 190 0 0
31.49369690409811 -58.3 1.4 2027 190 0 0
37.828430925409634 -58.3 1.4 2027 190 0 0
44.163164946721174 -58.3 1.4 2027 190 0 0
50.4978989680327 -58.3 1.4 2027 190 0 0
56.83263298934424 -58.3 1.4 2027 190 0 0
63.16736701065577 -58.3 1.4 2027 190 0 0
69.50210103196731 -58.3 1.4 2027 190 0 0
75.83683505327883 -58.3 1.4 2027 190 0 0
82.17156907459037 -58.3 1.4 2027 190 0 0
88.5063030959019 -58.3 1.4 2027 190 0 0
31.0114730955532 -54.98 1.4 2027 190 0 0
36.80917847644256 -54.98 1.4 2027 190 0 0
42.60688385733192 -54.98 1.4 2027 190 0 0
48.40458923822128 -54.98 1.4 2027 190 0 0
54.202294619110646 -54.98 1.4 2027 190 0 0
60.0 -54.98 1.4 2027 190 0 0
65.79770538088937 -54.98 1.4 2027 190 0 0
71.59541076177874 -54.98 1.4 2027 190 0 0
77.39311614266808 -54.98 1.4 2027 190 0 0
83.19082152355745 -54.98 1.4 2027 190 0 0
88.98852690444681 -54.98 1.4 2027 190 0 0
30.51194785958556 -51.66 1.4 2027 190 0 0
35.87341188511546 -51.66 1.4 2027 190 0 0
41.23487591064536 -51.66 1.4 2027 190 0 0
46.596339936175255 -51.66 1.4 2027 190 0 0
51.95780396170515 -51.66 1.4 2027 190 0 0
57.31926798723505 -51.66 1.4 2027 190 0 0
62.68073201276495 -51.66 1.4 2027 190 0 0
68.04219603829485 -51.66 1.4 2027 190 0 0
73.40366006382474 -51.66 1.4 2027 190 0 0
78.76512408935464 -51.66 1.4 2027 190 0 0
84.12658811488454 -51.66 1.4 2027 190 0 0
89.48805214041442 -51.66 1.4 2027 190 0 0
32.4886071032109 -48.34 1.4 2027 190 0 0
37.49067853899074 -48.34 1.4 2027 190 0 0
42.492749974770575 -48.34 1.4 2027 190 0 0
47.494821410550415 -48.34 1.4 2027 190 0 0
52.49689284633024 -48.34 1.4 2027 190 0 0
57.49896428211008 -48.34 1.4 2027 190 0 0
62.50103571788992 -48.34 1.4 2027 190 0 0
67.50310715366976 -48.34 1.4 2027 190 0 0
72.5051785894496 -48.34 1.4 2027 190 0 0
77.50725002522942 -48.34 1.4 2027 190 0 0
82.50932146100926 -48.34 1.4 2027 190 0 0
87.51139289678909 -48.34 1.4 2027 190 0 0
36.48621993401884 -45.019999999999996 1.4 2027 190 0 0
41.18897594721507 -45.019999999999996 1.4 2027 190 0 0
45.89173196041131 -45.019999999999996 1.4 2027 190 0 0
50.59448797360754 -45.019999999999996 1.4 2027 190 0 0
55.29724398680377 -45.019999999999996 1.4 2027 190 0 0
60.00000000000001 -45.019999999999996 1.4 2027 190 0 0
64.70275601319625 -45.019999999999996 1.4 2027 190 0 0
69.40551202639247 -45.019999999999996 1.4 2027 190 0 0
74.10826803958871 -45.019999999999996 1.4 2027 190 0 0
78.81102405278494 -45.019999999999996 1.4 2027 190 0 0
83.51378006598118 -45.019999999999996 1.4 2027 190 0 0
39.96855185098619 -41.699999999999996 1.4 2027 190 0 0
44.41998477298926 -41.699999999999996 1.4 2027 190 0 0
48.87141769499232 -41.699999999999996 1.4 2027 190 0 0
53.322850616995396 -41.699999999999996 1.4 2027 190 0 0
57.77428353899847 -41.699999999999996 1.4 2027 190 0 0
62.22571646100154 -41.699999999999996 1.4 2027 190 0 0
66.6771493830046 -41.699999999999996 1.4 2027 190 0 0
71.12858230500768 -41.699999999999996 1.4 2027 190 0 0
75.58001522701075 -41.699999999999996 1.4 2027 190 0 0
80.03144814901381 -41.699999999999996 1.4 2027 190 0 0
43.04323851828564 -38.379999999999995 1.4 2027 190 0 0
47.282428888714236 -38.379999999999995 1.4 2027 190 0 0
51.52161925914282 -38.379999999999995 1.4 2027 190 0 0
55.76080962957141 -38.379999999999995 1.4 2027 190 0 0
60.0 -38.379999999999995 1.4 2027 190 0 0
64.23919037042859 -38.379999999999995 1.4 2027 190 0 0
68.47838074085718 -38.379999999999995 1.4 2027 190 0 0
72.71757111128576 -38.379999999999995 1.4 2027 190 0 0
76.95676148171435 -38.379999999999995 1.4 2027 190 0 0
45.792345651451996 -35.06 1.4 2027 190 0 0
49.851675465322856 -35.06 1.4 2027 190 0 0
53.91100527919371 -35.06 1.4 2027 190 0 0
57.97033509306457 -35.06 1.4 2027 190 0 0
62.02966490693542 -35.06 1.4 2027 190 0 0
66.08899472080628 -35.06 1.4 2027 190 0 0
70.14832453467714 -35.06 1.4 2027 190 0 0
74.20765434854799 -35.06 1.4 2027 190 0 0
48.279787665232185 -31.74 1.4 2027 190 0 0
52.18652511015479 -31.74 1.4 2027 190 0 0
56.09326255507739 -31.74 1.4 2027 190 0 0
60.0 -31.74 1.4 2027 190 0 0
63.90673744492261 -31.74 1.4 2027 190 0 0
67.81347488984521 -31.74 1.4 2027 190 0 0
71.72021233476781 -31.74 1.4 2027 190 0 0
50.55634701017531 -28.419999999999995 1.4 2027 190 0 0
54.33380820610518 -28.419999999999995 1.4 2027 190 0 0
58.111269402035056 -28.419999999999995 1.4 2027 190 0 0
61.888730597964944 -28.419999999999995 1.4 2027 190 0 0
65.66619179389481 -28.419999999999995 1.4 2027 190 0 0
69.4436529898247 -28.419999999999995 1.4 2027 190 0 0
52.663161259003004 -25.099999999999998 1.4 2027 190 0 0
56.3315806295015 -25.099999999999998 1.4 2027 190 0 0
59.99999999999999 -25.099999999999998 1.4 2027 190 0 0
63.66841937049848 -25.099999999999998 1.4 2027 190 0 0
67.33683874099698 -25.099999999999998 1.4 2027 190 0 0
54.634205972546326 -21.78 1.4 2027 190 0 0
58.21140199084878 -21.78 1.4 2027 190 0 0
61.78859800915122 -21.78 1.4 2027 190 0 0
65.36579402745367 -21.78 1.4 2027 190 0 0
56.49810501819079 -18.46 1.4 2027 190 0 0
60.0 -18.46 1.4 2027 190 0 0
63.50189498180921 -18.46 1.4 2027 190 0 0
56.55896538138575 -15.14 1.4 2027 190 0 0
60.0 -15.14 1.4 2027 190 0 0
63.44103461861425 -15.14 1.4 2027 190 0 0
